------------------------------------------------------------
 vsweep_high=0.6
------------------------------------------------------------
Voltage (V), Current (A/cm2)
                   0,      -8.66347412e-13
                   0,      -8.66347412e-13
         0.012244898,       3.34315155e-09
        0.0244897959,       7.50038027e-09
        0.0367346939,       1.27535196e-08
        0.0489795918,       1.94760512e-08
        0.0612244898,       2.81548103e-08
        0.0734693878,       3.94321852e-08
        0.0857142857,       5.41523629e-08
        0.0979591837,       7.34312735e-08
         0.110204082,       9.87407106e-08
          0.12244898,       1.32034486e-07
         0.134693878,       1.75910739e-07
         0.146938776,       2.33836421e-07
         0.159183673,       3.10462379e-07
         0.171428571,       4.12051651e-07
         0.183673469,       5.47097462e-07
         0.195918367,       7.27191282e-07
         0.208163265,       9.68275692e-07
         0.220408163,       1.29247558e-06
         0.232653061,       1.73081116e-06
         0.244897959,       2.32725762e-06
         0.257142857,       3.14492476e-06
         0.269387755,       4.27556096e-06
         0.281632653,       5.85434133e-06
         0.293877551,       8.08313203e-06
         0.306122449,       1.12674182e-05
         0.318367347,       1.58754082e-05
         0.330612245,       2.26333138e-05
         0.342857143,       3.26798542e-05
         0.355102041,       4.78180912e-05
         0.367346939,       7.09276144e-05
         0.379591837,       0.000106641534
         0.391836735,       0.000162461553
         0.404081633,       0.000250598782
         0.416326531,       0.000391018207
         0.428571429,       0.000616480886
         0.440816327,        0.00098090343
         0.453061224,        0.00157322656
         0.465306122,        0.00254043001
          0.47755102,        0.00412571944
         0.489795918,        0.00673183784
         0.502040816,          0.011025858
         0.514285714,         0.0181121161
         0.526530612,         0.0298161478
          0.53877551,         0.0491469817
         0.551020408,         0.0810396466
         0.563265306,          0.133522064
         0.575510204,           0.21948741
         0.587755102,          0.359249966
                 0.6,          0.583962692

------------------------------------------------------------
 vsweep_high=0
------------------------------------------------------------
Voltage (V), Current (A/cm2)
                   0,      -8.66347412e-13
                   0,      -8.66347412e-13
                   0,      -8.66347412e-13
                   0,      -8.66347412e-13
                   0,      -8.66347412e-13
                   0,      -8.66347412e-13
                   0,      -8.66347412e-13
                   0,      -8.66347412e-13
                   0,      -8.66347412e-13
                   0,      -8.66347412e-13
                   0,      -8.66347412e-13
                   0,      -8.66347412e-13
                   0,      -8.66347412e-13
                   0,      -8.66347412e-13
                   0,      -8.66347412e-13
                   0,      -8.66347412e-13
                   0,      -8.66347412e-13
                   0,      -8.66347412e-13
                   0,      -8.66347412e-13
                   0,      -8.66347412e-13
                   0,      -8.66347412e-13
                   0,      -8.66347412e-13
                   0,      -8.66347412e-13
                   0,      -8.66347412e-13
                   0,      -8.66347412e-13
                   0,      -8.66347412e-13
                   0,      -8.66347412e-13
                   0,      -8.66347412e-13
                   0,      -8.66347412e-13
                   0,      -8.66347412e-13
                   0,      -8.66347412e-13
                   0,      -8.66347412e-13
                   0,      -8.66347412e-13
                   0,      -8.66347412e-13
                   0,      -8.66347412e-13
                   0,      -8.66347412e-13
                   0,      -8.66347412e-13
                   0,      -8.66347412e-13
                   0,      -8.66347412e-13
                   0,      -8.66347412e-13
                   0,      -8.66347412e-13
                   0,      -8.66347412e-13
                   0,      -8.66347412e-13
                   0,      -8.66347412e-13
                   0,      -8.66347412e-13
                   0,      -8.66347412e-13
                   0,      -8.66347412e-13
                   0,      -8.66347412e-13
                   0,      -8.66347412e-13
                   0,      -8.66347412e-13
                   0,      -8.66347412e-13

------------------------------------------------------------
 vsweep_high=1.2
------------------------------------------------------------
Voltage (V), Current (A/cm2)
                   0,      -8.66347412e-13
                   0,      -8.66347412e-13
        0.0244897959,       7.50038027e-09
        0.0489795918,       1.94760512e-08
        0.0734693878,       3.94321852e-08
        0.0979591837,       7.34312735e-08
          0.12244898,       1.32034486e-07
         0.146938776,       2.33836421e-07
         0.171428571,       4.12051651e-07
         0.195918367,       7.27191282e-07
         0.220408163,        1.2924757e-06
         0.244897959,       2.32725774e-06
         0.269387755,       4.27556096e-06
         0.293877551,       8.08313203e-06
         0.318367347,       1.58754085e-05
         0.342857143,       3.26798543e-05
         0.367346939,       7.09276145e-05
         0.391836735,       0.000162461553
         0.416326531,       0.000391018207
         0.440816327,        0.00098090343
         0.465306122,        0.00254043001
         0.489795918,        0.00673183784
         0.514285714,         0.0181121161
          0.53877551,         0.0491469817
         0.563265306,          0.133522064
         0.587755102,          0.359249966
         0.612244898,          0.939740251
         0.636734694,           2.32967226
          0.66122449,           5.35024424
         0.685714286,           11.2521115
         0.710204082,           21.6201767
         0.734693878,           38.0821925
         0.759183673,           61.9895593
         0.783673469,           94.2698365
         0.808163265,           135.437985
         0.832653061,           185.651123
         0.857142857,           244.746961
         0.881632653,            312.26389
         0.906122449,           387.457779
         0.930612245,           469.328721
         0.955102041,           556.665251
         0.979591837,           648.107939
          1.00408163,           742.228585
          1.02857143,           837.615965
          1.05306122,           932.955274
          1.07755102,           1027.08809
          1.10204082,             1119.044
          1.12653061,           1208.04299
          1.15102041,           1293.47565
           1.1755102,           1374.87328
                 1.2,           1451.87897

------------------------------------------------------------
 vsweep_high=0.176
------------------------------------------------------------
Voltage (V), Current (A/cm2)
                   0,      -8.66347412e-13
                   0,      -8.66347412e-13
       0.00358644898,       9.08765803e-10
       0.00717289796,       1.87340444e-09
        0.0107593469,       2.89875175e-09
        0.0143457959,       3.99212031e-09
        0.0179322449,       5.15760657e-09
        0.0215186939,       6.40289814e-09
        0.0251051429,       7.73494235e-09
        0.0286915918,       9.16304077e-09
        0.0322780408,       1.06942704e-08
        0.0358644898,        1.2337197e-08
        0.0394509388,       1.41031134e-08
        0.0430373878,       1.60028224e-08
        0.0466238367,        1.8047504e-08
        0.0502102857,       2.02503247e-08
        0.0537967347,       2.26249543e-08
        0.0573831837,       2.51865566e-08
        0.0609696327,       2.79501824e-08
        0.0645560816,        3.0934855e-08
        0.0681425306,       3.41575081e-08
        0.0717289796,       3.76411565e-08
        0.0753154286,       4.14071016e-08
        0.0789018776,       4.54792663e-08
        0.0824883265,       4.98835799e-08
        0.0860747755,       5.46483536e-08
        0.0896612245,       5.98065133e-08
        0.0932476735,       6.53892932e-08
        0.0968341224,         7.143305e-08
         0.100420571,       7.79796413e-08
          0.10400702,       8.50692571e-08
         0.107593469,       9.27494647e-08
         0.111179918,       1.01071384e-07
         0.114766367,        1.1008859e-07
         0.118352816,       1.19863438e-07
         0.121939265,        1.3045805e-07
         0.125525714,       1.41944734e-07
         0.129112163,       1.54399698e-07
         0.132698612,       1.67906915e-07
         0.136285061,       1.82557543e-07
          0.13987151,       1.98451819e-07
         0.143457959,       2.15696757e-07
         0.147044408,       2.34410538e-07
         0.150630857,        2.5472133e-07
         0.154217306,        2.7677096e-07
         0.157803755,       3.00711901e-07
         0.161390204,       3.26710966e-07
         0.164976653,        3.5495289e-07
         0.168563102,       3.85635889e-07
         0.172149551,       4.18979737e-07
            0.175736,       4.55222862e-07

------------------------------------------------------------
 vsweep_high=1.02
------------------------------------------------------------
Voltage (V), Current (A/cm2)
                   0,      -8.66347412e-13
                   0,      -8.66347412e-13
        0.0209032653,       6.18308547e-09
        0.0418065306,       1.53355851e-08
        0.0627097959,       2.93688535e-08
        0.0836130612,       5.13371183e-08
         0.104516327,       8.61228955e-08
         0.125419592,       1.41591026e-07
         0.146322857,       2.30521232e-07
         0.167226122,       3.73898463e-07
         0.188129388,       6.06690517e-07
         0.209032653,       9.88245802e-07
         0.229935918,       1.62168849e-06
         0.250839184,       2.69149969e-06
         0.271742449,       4.53923496e-06
         0.292645714,       7.82180081e-06
          0.31354898,       1.38530605e-05
         0.334452245,       2.53611608e-05
          0.35535551,        4.8203265e-05
         0.376258776,       9.53105291e-05
         0.397162041,       0.000195870647
         0.418065306,       0.000416879968
         0.438968571,       0.000914017174
         0.459871837,        0.00205216565
         0.480775102,        0.00469142798
         0.501678367,          0.010865498
         0.522581633,         0.0253837909
         0.543484898,         0.0595715025
         0.564388163,          0.139765548
         0.585291429,          0.325494259
         0.606194694,          0.743967013
         0.627097959,           1.64304721
         0.648001224,           3.45108893
          0.66890449,           6.82091854
         0.689807755,           12.6287552
          0.71071102,           21.8938657
         0.731614286,           35.6268039
         0.752517551,           54.6836441
         0.773420816,            79.695037
         0.794324082,           111.064799
         0.815227347,           148.995087
         0.836130612,           193.509165
         0.857033878,           244.464882
         0.877937143,           301.562403
         0.898840408,           364.351638
         0.919743673,           432.243644
         0.940646939,           504.528637
         0.961550204,           580.401663
         0.982453469,           658.995348
          1.00335673,           739.417628
             1.02426,           820.790878

