------------------------------------------------------------
 vsweep_high=0
------------------------------------------------------------
Voltage (V), Current (A/cm2)
                   0,      -8.28396217e-14
                   0,      -8.28396217e-14
                   0,      -8.28396217e-14
                   0,      -8.28396217e-14
                   0,      -8.28396217e-14
                   0,      -8.28396217e-14
                   0,      -8.28396217e-14
                   0,      -8.28396217e-14
                   0,      -8.28396217e-14
                   0,      -8.28396217e-14
                   0,      -8.28396217e-14
                   0,      -8.28396217e-14
                   0,      -8.28396217e-14
                   0,      -8.28396217e-14
                   0,      -8.28396217e-14
                   0,      -8.28396217e-14
                   0,      -8.28396217e-14
                   0,      -8.28396217e-14
                   0,      -8.28396217e-14
                   0,      -8.28396217e-14
                   0,      -8.28396217e-14
                   0,      -8.28396217e-14
                   0,      -8.28396217e-14
                   0,      -8.28396217e-14
                   0,      -8.28396217e-14
                   0,      -8.28396217e-14
                   0,      -8.28396217e-14
                   0,      -8.28396217e-14
                   0,      -8.28396217e-14
                   0,      -8.28396217e-14
                   0,      -8.28396217e-14
                   0,      -8.28396217e-14
                   0,      -8.28396217e-14
                   0,      -8.28396217e-14
                   0,      -8.28396217e-14
                   0,      -8.28396217e-14
                   0,      -8.28396217e-14
                   0,      -8.28396217e-14
                   0,      -8.28396217e-14
                   0,      -8.28396217e-14
                   0,      -8.28396217e-14
                   0,      -8.28396217e-14
                   0,      -8.28396217e-14
                   0,      -8.28396217e-14
                   0,      -8.28396217e-14
                   0,      -8.28396217e-14
                   0,      -8.28396217e-14
                   0,      -8.28396217e-14
                   0,      -8.28396217e-14
                   0,      -8.28396217e-14
                   0,      -8.28396217e-14
                   0,      -8.28396217e-14
                   0,      -8.28396217e-14
                   0,      -8.28396217e-14
                   0,      -8.28396217e-14
                   0,      -8.28396217e-14
                   0,      -8.28396217e-14
                   0,      -8.28396217e-14
                   0,      -8.28396217e-14
                   0,      -8.28396217e-14
                   0,      -8.28396217e-14
                   0,      -8.28396217e-14
                   0,      -8.28396217e-14
                   0,      -8.28396217e-14
                   0,      -8.28396217e-14
                   0,      -8.28396217e-14
                   0,      -8.28396217e-14
                   0,      -8.28396217e-14
                   0,      -8.28396217e-14
                   0,      -8.28396217e-14
                   0,      -8.28396217e-14
                   0,      -8.28396217e-14
                   0,      -8.28396217e-14
                   0,      -8.28396217e-14
                   0,      -8.28396217e-14
                   0,      -8.28396217e-14
                   0,      -8.28396217e-14
                   0,      -8.28396217e-14
                   0,      -8.28396217e-14
                   0,      -8.28396217e-14
                   0,      -8.28396217e-14
                   0,      -8.28396217e-14
                   0,      -8.28396217e-14
                   0,      -8.28396217e-14
                   0,      -8.28396217e-14
                   0,      -8.28396217e-14
                   0,      -8.28396217e-14
                   0,      -8.28396217e-14
                   0,      -8.28396217e-14
                   0,      -8.28396217e-14
                   0,      -8.28396217e-14
                   0,      -8.28396217e-14
                   0,      -8.28396217e-14
                   0,      -8.28396217e-14
                   0,      -8.28396217e-14
                   0,      -8.28396217e-14
                   0,      -8.28396217e-14
                   0,      -8.28396217e-14
                   0,      -8.28396217e-14
                   0,      -8.28396217e-14
                   0,      -8.28396217e-14

------------------------------------------------------------
 vsweep_high=-5
------------------------------------------------------------
Voltage (V), Current (A/cm2)
                   0,      -8.28396217e-14
                  -0,      -8.28396217e-14
       -0.0505050505,      -6.57797288e-05
        -0.101010101,      -0.000109400302
        -0.151515152,      -0.000146073029
        -0.202020202,      -0.000179796329
        -0.252525253,      -0.000211673434
        -0.303030303,      -0.000242128689
        -0.353535354,      -0.000271410413
        -0.404040404,      -0.000299694692
        -0.454545455,      -0.000327108215
        -0.505050505,      -0.000353743429
        -0.555555556,      -0.000379669679
        -0.606060606,      -0.000404942542
        -0.656565657,      -0.000429606905
        -0.707070707,      -0.000453706159
        -0.757575758,      -0.000477263224
        -0.808080808,      -0.000500333624
        -0.858585859,      -0.000522915477
        -0.909090909,      -0.000545043278
         -0.95959596,      -0.000566785428
         -1.01010101,      -0.000588085326
         -1.06060606,      -0.000608974995
         -1.11111111,      -0.000629583878
         -1.16161616,      -0.000649839105
         -1.21212121,      -0.000669639136
         -1.26262626,      -0.000689154528
         -1.31313131,      -0.000708530833
         -1.36363636,      -0.000727584883
         -1.41414141,      -0.000746140645
         -1.46464646,      -0.000764392106
         -1.51515152,       -0.00078263486
         -1.56565657,      -0.000800805522
         -1.61616162,      -0.000818549885
         -1.66666667,      -0.000835725528
         -1.71717172,      -0.000852626591
         -1.76767677,      -0.000869651556
         -1.81818182,      -0.000886838987
         -1.86868687,      -0.000903799511
         -1.91919192,      -0.000920126161
         -1.96969697,      -0.000935826208
         -2.02020202,      -0.000951328112
         -2.07070707,      -0.000967109916
         -2.12121212,      -0.000983291455
         -2.17171717,      -0.000999512316
         -2.22222222,        -0.0010152123
         -2.27272727,       -0.00103008036
         -2.32323232,       -0.00104428291
         -2.37373737,       -0.00105833667
         -2.42424242,       -0.00107278113
         -2.47474747,         -0.001087854
         -2.52525253,       -0.00110332976
         -2.57575758,       -0.00111863454
         -2.62626263,       -0.00113319457
         -2.67676768,       -0.00114677396
         -2.72727273,       -0.00115957681
         -2.77777778,       -0.00117211229
         -2.82828283,       -0.00118495833
         -2.87878788,       -0.00119852765
         -2.92929293,       -0.00121288849
         -2.97979798,       -0.00122770564
         -3.03030303,       -0.00124236941
         -3.08080808,        -0.0012562788
         -3.13131313,       -0.00126911205
         -3.18181818,       -0.00128092897
         -3.23232323,       -0.00129209806
         -3.28282828,        -0.0013031445
         -3.33333333,       -0.00131459729
         -3.38383838,         -0.001326855
         -3.43434343,       -0.00134006837
         -3.48484848,       -0.00135406392
         -3.53535354,       -0.00136836482
         -3.58585859,       -0.00138234369
         -3.63636364,       -0.00139545285
         -3.68686869,       -0.00140740815
         -3.73737374,       -0.00141824064
         -3.78787879,       -0.00142823234
         -3.83838384,        -0.0014378079
         -3.88888889,       -0.00144743684
         -3.93939394,       -0.00145755932
         -3.98989899,       -0.00146852255
         -4.04040404,       -0.00148051347
         -4.09090909,       -0.00149349242
         -4.14141414,       -0.00150716025
         -4.19191919,       -0.00152100341
         -4.24242424,       -0.00153442988
         -4.29292929,       -0.00154694451
         -4.34343434,       -0.00155827795
         -4.39393939,       -0.00156841806
         -4.44444444,       -0.00157755926
         -4.49494949,       -0.00158602021
         -4.54545455,       -0.00159417133
          -4.5959596,       -0.00160238709
         -4.64646465,        -0.0016110181
          -4.6969697,        -0.0016203697
         -4.74747475,       -0.00163067334
          -4.7979798,       -0.00164204346
         -4.84848485,       -0.00165442717
          -4.8989899,       -0.00166757118
         -4.94949495,       -0.00168103946
                  -5,       -0.00169429827

------------------------------------------------------------
 vsweep_high=5
------------------------------------------------------------
Voltage (V), Current (A/cm2)
                   0,      -8.28396217e-14
                   0,      -8.28396217e-14
        0.0505050505,       0.000139005167
         0.101010101,       0.000502952649
         0.151515152,        0.00152707312
         0.202020202,        0.00448116181
         0.252525253,         0.0131809353
         0.303030303,         0.0395403184
         0.353535354,          0.122564377
         0.404040404,          0.394458411
         0.454545455,           1.27432319
         0.505050505,           3.67613722
         0.555555556,           8.36419525
         0.606060606,           15.1014786
         0.656565657,           23.2555492
         0.707070707,           32.3640402
         0.757575758,           42.1575019
         0.808080808,           52.4807483
         0.858585859,           63.2403664
         0.909090909,           74.3767574
          0.95959596,           85.8494683
          1.01010101,           97.6292853
          1.06060606,           109.693833
          1.11111111,            122.02505
          1.16161616,           134.607711
          1.21212121,           147.428525
          1.26262626,           160.475589
          1.31313131,           173.738033
          1.36363636,           187.205785
          1.41414141,           200.869418
          1.46464646,           214.720031
          1.51515152,            228.74917
          1.56565657,           242.948755
          1.61616162,           257.311036
          1.66666667,           271.828542
          1.71717172,           286.494044
          1.76767677,           301.300523
          1.81818182,            316.24114
          1.86868687,           331.309207
          1.91919192,           346.498163
          1.96969697,           361.801556
          2.02020202,           377.213017
          2.07070707,           392.726244
          2.12121212,           408.334987
          2.17171717,           424.033032
          2.22222222,           439.814186
          2.27272727,           455.672269
          2.32323232,           471.601102
          2.37373737,           487.594498
          2.42424242,           503.646253
          2.47474747,           519.750143
          2.52525253,           535.899918
          2.57575758,           552.089296
          2.62626263,            568.31196
          2.67676768,            584.56156
          2.72727273,           600.831706
          2.77777778,           617.115972
          2.82828283,           633.407894
          2.87878788,           649.700971
          2.92929293,           665.988667
          2.97979798,           682.264414
          3.03030303,           698.521612
          3.08080808,           714.753636
          3.13131313,           730.953837
          3.18181818,           747.115546
          3.23232323,           763.232079
          3.28282828,           779.296746
          3.33333333,           795.302848
          3.38383838,           811.243691
          3.43434343,           827.112589
          3.48484848,           842.902869
          3.53535354,           858.607883
          3.58585859,            874.22101
          3.63636364,           889.735671
          3.68686869,           905.145331
          3.73737374,           920.443514
          3.78787879,           935.623808
          3.83838384,           950.679881
          3.88888889,           965.605486
          3.93939394,           980.394477
          3.98989899,           995.040823
          4.04040404,           1009.53861
          4.09090909,           1023.88208
          4.14141414,            1038.0656
          4.19191919,           1052.08374
          4.24242424,           1065.93121
          4.29292929,           1079.60296
          4.34343434,           1093.09411
          4.39393939,           1106.40005
          4.44444444,           1119.51637
          4.49494949,           1132.43896
          4.54545455,           1145.16396
           4.5959596,            1157.6878
          4.64646465,           1170.00721
           4.6969697,           1182.11923
          4.74747475,           1194.02124
           4.7979798,           1205.71093
          4.84848485,           1217.18636
           4.8989899,           1228.44591
          4.94949495,           1239.48833
                   5,           1250.31273

------------------------------------------------------------
 vsweep_high=-3.54
------------------------------------------------------------
Voltage (V), Current (A/cm2)
                   0,      -8.28396217e-14
                  -0,      -8.28396217e-14
       -0.0357124242,      -5.00659015e-05
       -0.0714248485,      -8.52345872e-05
        -0.107137273,      -0.000114087727
        -0.142849697,      -0.000140042944
        -0.178562121,      -0.000164402148
        -0.214274545,      -0.000187679279
         -0.24998697,      -0.000210107797
        -0.285699394,      -0.000231820811
        -0.321411818,      -0.000252911233
        -0.357124242,      -0.000273451472
        -0.392836667,      -0.000293499241
        -0.428549091,       -0.00031310007
        -0.464261515,      -0.000332290358
        -0.499973939,      -0.000351099295
        -0.535686364,      -0.000369550509
        -0.571398788,      -0.000387666133
        -0.607111212,      -0.000405461615
        -0.642823636,       -0.00042295296
        -0.678536061,      -0.000440158982
        -0.714248485,      -0.000457086077
        -0.749960909,       -0.00047374381
        -0.785673333,      -0.000490156381
        -0.821385758,      -0.000506330952
        -0.857098182,      -0.000522257295
        -0.892810606,      -0.000537953438
         -0.92852303,      -0.000553455457
        -0.964235455,      -0.000568761628
        -0.999947879,      -0.000583840629
          -1.0356603,       -0.00059869828
         -1.07137273,      -0.000613390338
         -1.10708515,      -0.000627951619
         -1.14279758,      -0.000642344633
            -1.17851,      -0.000656509767
         -1.21422242,      -0.000670454871
         -1.24993485,      -0.000684263852
         -1.28564727,      -0.000698008192
          -1.3213597,      -0.000711664959
         -1.35707212,      -0.000725136116
         -1.39278455,      -0.000738350677
         -1.42849697,      -0.000751343565
         -1.46420939,       -0.00076423445
         -1.49992182,      -0.000777129373
         -1.53563424,      -0.000790031191
         -1.57134667,      -0.000802832356
         -1.60705909,      -0.000815395858
         -1.64277152,      -0.000827659985
         -1.67848394,      -0.000839687771
         -1.71419636,      -0.000851630365
         -1.74990879,      -0.000863634604
         -1.78562121,      -0.000875753259
         -1.82133364,      -0.000887909345
         -1.85704606,      -0.000899936328
         -1.89275848,      -0.000911671974
         -1.92847091,      -0.000923049094
         -1.96418333,      -0.000934131676
         -1.99989576,      -0.000945084205
         -2.03560818,      -0.000956097287
         -2.07132061,      -0.000967304373
         -2.10703303,      -0.000978721608
         -2.14274545,       -0.00099023574
         -2.17845788,       -0.00100164894
          -2.2141703,       -0.00101276241
         -2.24988273,        -0.0010234587
         -2.28559515,       -0.00103374545
         -2.32130758,       -0.00104374819
            -2.35702,       -0.00105366458
         -2.39273242,        -0.0010637013
         -2.42844485,       -0.00107401129
         -2.46415727,        -0.0010846456
          -2.4998697,       -0.00109553261
         -2.53558212,       -0.00110649527
         -2.57129455,       -0.00111730532
         -2.60700697,       -0.00112775616
         -2.64271939,       -0.00113772555
         -2.67843182,       -0.00114720598
         -2.71414424,       -0.00115629827
         -2.74985667,       -0.00116517958
         -2.78556909,       -0.00117406041
         -2.82128152,        -0.0011831407
         -2.85699394,       -0.00119256974
         -2.89270636,       -0.00120241343
         -2.92841879,       -0.00121263457
         -2.96413121,       -0.00122309449
         -2.99984364,       -0.00123358121
         -3.03555606,       -0.00124385976
         -3.07126848,       -0.00125372942
         -3.10698091,       -0.00126306856
         -3.14269333,       -0.00127185421
         -3.17840576,        -0.0012801563
         -3.21411818,       -0.00128811518
         -3.24983061,       -0.00129591294
         -3.28554303,       -0.00130374542
         -3.32125545,        -0.0013117969
         -3.35696788,        -0.0013202171
          -3.3926803,       -0.00132909976
         -3.42839273,       -0.00133846442
         -3.46410515,       -0.00134824594
         -3.49981758,         -0.001358298
            -3.53553,       -0.00136841459

------------------------------------------------------------
 vsweep_high=3.54
------------------------------------------------------------
Voltage (V), Current (A/cm2)
                   0,      -8.28396217e-14
                   0,      -8.28396217e-14
        0.0357124242,       8.48155271e-05
        0.0714248485,       0.000247350614
         0.107137273,       0.000578025126
         0.142849697,        0.00126728595
         0.178562121,        0.00272096975
         0.214274545,        0.00581626324
          0.24998697,         0.0124809003
         0.285699394,         0.0270385593
         0.321411818,         0.0594236429
         0.357124242,          0.133022778
         0.392836667,          0.303576164
         0.428549091,          0.700076994
         0.464261515,           1.58398677
         0.499973939,           3.33646766
         0.535686364,           6.24250169
         0.571398788,           10.2876413
         0.607111212,           15.2586794
         0.642823636,            20.927143
         0.678536061,           27.1199017
         0.714248485,            33.718651
         0.749960909,           40.6440609
         0.785673333,            47.842264
         0.821385758,           55.2757873
         0.857098182,           62.9178095
         0.892810606,           70.7485433
          0.92852303,           78.7529314
         0.964235455,           86.9191555
         0.999947879,           95.2376539
           1.0356603,           103.700466
          1.07137273,           112.300789
          1.10708515,            121.03267
          1.14279758,           129.890798
             1.17851,           138.870354
          1.21422242,           147.966903
          1.24993485,            157.17632
          1.28564727,           166.494734
           1.3213597,           175.918482
          1.35707212,           185.444084
          1.39278455,           195.068212
          1.42849697,           204.787672
          1.46420939,            214.59939
          1.49992182,           224.500399
          1.53563424,           234.487824
          1.57134667,           244.558876
          1.60705909,           254.710842
          1.64277152,           264.941079
          1.67848394,           275.247005
          1.71419636,           285.626094
          1.74990879,           296.075873
          1.78562121,           306.593911
          1.82133364,           317.177818
          1.85704606,           327.825241
          1.89275848,           338.533857
          1.92847091,           349.301372
          1.96418333,           360.125516
          1.99989576,           371.004038
          2.03560818,           381.934705
          2.07132061,           392.915299
          2.10703303,           403.943611
          2.14274545,           415.017445
          2.17845788,           426.134608
           2.2141703,           437.292913
          2.24988273,           448.490175
          2.28559515,            459.72421
          2.32130758,           470.992832
             2.35702,           482.293853
          2.39273242,           493.625082
          2.42844485,           504.984323
          2.46415727,           516.369372
           2.4998697,            527.77802
          2.53558212,           539.208051
          2.57129455,           550.657239
          2.60700697,           562.123352
          2.64271939,           573.604146
          2.67843182,           585.097369
          2.71414424,           596.600761
          2.74985667,           608.112051
          2.78556909,           619.628958
          2.82128152,           631.149194
          2.85699394,           642.670459
          2.89270636,           654.190447
          2.92841879,           665.706842
          2.96413121,            677.21732
          2.99984364,            688.71955
          3.03555606,           700.211192
          3.07126848,           711.689902
          3.10698091,            723.15333
          3.14269333,            734.59912
          3.17840576,           746.024912
          3.21411818,           757.428342
          3.24983061,           768.807046
          3.28554303,           780.158655
          3.32125545,           791.480802
          3.35696788,            802.77112
           3.3926803,           814.027243
          3.42839273,           825.246808
          3.46410515,           836.427457
          3.49981758,           847.566836
             3.53553,           858.662599

