-2.00000000e+00 -9.85639033e-01 -2.00000000e+00 -1.01436097e-02 -2.00000000e+00 -9.99793763e-03 
-1.99000000e+00 -9.75833987e-01 -1.99000000e+00 -1.01416601e-02 -1.99000000e+00 -9.89657664e-03 
-1.98000000e+00 -9.66028942e-01 -1.98000000e+00 -1.01397106e-02 -1.98000000e+00 -9.79525388e-03 
-1.97000000e+00 -9.56223899e-01 -1.97000000e+00 -1.01377610e-02 -1.97000000e+00 -9.69396936e-03 
-1.96000000e+00 -9.46418857e-01 -1.96000000e+00 -1.01358114e-02 -1.96000000e+00 -9.59272307e-03 
-1.95000000e+00 -9.36613817e-01 -1.95000000e+00 -1.01338618e-02 -1.95000000e+00 -9.49151501e-03 
-1.94000000e+00 -9.26808779e-01 -1.94000000e+00 -1.01319122e-02 -1.94000000e+00 -9.39034518e-03 
-1.93000000e+00 -9.17003743e-01 -1.93000000e+00 -1.01299626e-02 -1.93000000e+00 -9.28921359e-03 
-1.92000000e+00 -9.07198708e-01 -1.92000000e+00 -1.01280129e-02 -1.92000000e+00 -9.18812024e-03 
-1.91000000e+00 -8.97393676e-01 -1.91000000e+00 -1.01260632e-02 -1.91000000e+00 -9.08706511e-03 
-1.90000000e+00 -8.87588647e-01 -1.90000000e+00 -1.01241135e-02 -1.90000000e+00 -8.98604823e-03 
-1.89000000e+00 -8.77783620e-01 -1.89000000e+00 -1.01221638e-02 -1.89000000e+00 -8.88506958e-03 
-1.88000000e+00 -8.67978596e-01 -1.88000000e+00 -1.01202140e-02 -1.88000000e+00 -8.78412917e-03 
-1.87000000e+00 -8.58173575e-01 -1.87000000e+00 -1.01182643e-02 -1.87000000e+00 -8.68322700e-03 
-1.86000000e+00 -8.48368557e-01 -1.86000000e+00 -1.01163144e-02 -1.86000000e+00 -8.58236308e-03 
-1.85000000e+00 -8.38563544e-01 -1.85000000e+00 -1.01143646e-02 -1.85000000e+00 -8.48153739e-03 
-1.84000000e+00 -8.28758534e-01 -1.84000000e+00 -1.01124147e-02 -1.84000000e+00 -8.38074995e-03 
-1.83000000e+00 -8.18953529e-01 -1.83000000e+00 -1.01104647e-02 -1.83000000e+00 -8.28000075e-03 
-1.82000000e+00 -8.09148529e-01 -1.82000000e+00 -1.01085147e-02 -1.82000000e+00 -8.17928981e-03 
-1.81000000e+00 -7.99343535e-01 -1.81000000e+00 -1.01065647e-02 -1.81000000e+00 -8.07861711e-03 
-1.80000000e+00 -7.89538546e-01 -1.80000000e+00 -1.01046145e-02 -1.80000000e+00 -7.97798267e-03 
-1.79000000e+00 -7.79733564e-01 -1.79000000e+00 -1.01026644e-02 -1.79000000e+00 -7.87738649e-03 
-1.78000000e+00 -7.69928590e-01 -1.78000000e+00 -1.01007141e-02 -1.78000000e+00 -7.77682856e-03 
-1.77000000e+00 -7.60123624e-01 -1.77000000e+00 -1.00987638e-02 -1.77000000e+00 -7.67630891e-03 
-1.76000000e+00 -7.50318666e-01 -1.76000000e+00 -1.00968133e-02 -1.76000000e+00 -7.57582752e-03 
-1.75000000e+00 -7.40513719e-01 -1.75000000e+00 -1.00948628e-02 -1.75000000e+00 -7.47538440e-03 
-1.74000000e+00 -7.30708783e-01 -1.74000000e+00 -1.00929122e-02 -1.74000000e+00 -7.37497957e-03 
-1.73000000e+00 -7.20903860e-01 -1.73000000e+00 -1.00909614e-02 -1.73000000e+00 -7.27461302e-03 
-1.72000000e+00 -7.11098951e-01 -1.72000000e+00 -1.00890105e-02 -1.72000000e+00 -7.17428478e-03 
-1.71000000e+00 -7.01294058e-01 -1.71000000e+00 -1.00870594e-02 -1.71000000e+00 -7.07399483e-03 
-1.70000000e+00 -6.91489182e-01 -1.70000000e+00 -1.00851082e-02 -1.70000000e+00 -6.97374321e-03 
-1.69000000e+00 -6.81684328e-01 -1.69000000e+00 -1.00831567e-02 -1.69000000e+00 -6.87352991e-03 
-1.68000000e+00 -6.71879496e-01 -1.68000000e+00 -1.00812050e-02 -1.68000000e+00 -6.77335496e-03 
-1.67000000e+00 -6.62074691e-01 -1.67000000e+00 -1.00792531e-02 -1.67000000e+00 -6.67321837e-03 
-1.66000000e+00 -6.52269915e-01 -1.66000000e+00 -1.00773008e-02 -1.66000000e+00 -6.57312017e-03 
-1.65000000e+00 -6.42465175e-01 -1.65000000e+00 -1.00753483e-02 -1.65000000e+00 -6.47306038e-03 
-1.64000000e+00 -6.32660474e-01 -1.64000000e+00 -1.00733953e-02 -1.64000000e+00 -6.37303902e-03 
-1.63000000e+00 -6.22855819e-01 -1.63000000e+00 -1.00714418e-02 -1.63000000e+00 -6.27305614e-03 
-1.62000000e+00 -6.13051217e-01 -1.62000000e+00 -1.00694878e-02 -1.62000000e+00 -6.17311177e-03 
-1.61000000e+00 -6.03246678e-01 -1.61000000e+00 -1.00675332e-02 -1.61000000e+00 -6.07320597e-03 
-1.60000000e+00 -5.93442212e-01 -1.60000000e+00 -1.00655779e-02 -1.60000000e+00 -5.97333880e-03 
-1.59000000e+00 -5.83637832e-01 -1.59000000e+00 -1.00636217e-02 -1.59000000e+00 -5.87351034e-03 
-1.58000000e+00 -5.73833555e-01 -1.58000000e+00 -1.00616645e-02 -1.58000000e+00 -5.77372068e-03 
-1.57000000e+00 -5.64029399e-01 -1.57000000e+00 -1.00597060e-02 -1.57000000e+00 -5.67396994e-03 
-1.56000000e+00 -5.54225390e-01 -1.56000000e+00 -1.00577461e-02 -1.56000000e+00 -5.57425825e-03 
-1.55000000e+00 -5.44421558e-01 -1.55000000e+00 -1.00557844e-02 -1.55000000e+00 -5.47458582e-03 
-1.54000000e+00 -5.34617941e-01 -1.54000000e+00 -1.00538206e-02 -1.54000000e+00 -5.37495286e-03 
-1.53000000e+00 -5.24814588e-01 -1.53000000e+00 -1.00518541e-02 -1.53000000e+00 -5.27535968e-03 
-1.52000000e+00 -5.15011563e-01 -1.52000000e+00 -1.00498844e-02 -1.52000000e+00 -5.17580666e-03 
-1.51000000e+00 -5.05208948e-01 -1.51000000e+00 -1.00479105e-02 -1.51000000e+00 -5.07629430e-03 
-1.50000000e+00 -4.95406850e-01 -1.50000000e+00 -1.00459315e-02 -1.50000000e+00 -4.97682328e-03 
-1.49000000e+00 -4.85605413e-01 -1.49000000e+00 -1.00439459e-02 -1.49000000e+00 -4.87739448e-03 
-1.48000000e+00 -4.75804832e-01 -1.48000000e+00 -1.00419517e-02 -1.48000000e+00 -4.77800913e-03 
-1.47000000e+00 -4.66005374e-01 -1.47000000e+00 -1.00399463e-02 -1.47000000e+00 -4.67866891e-03 
-1.46000000e+00 -4.56207196e-01 -1.46000000e+00 -1.00379280e-02 -1.46000000e+00 -4.57937501e-03 
-1.45000000e+00 -4.46410356e-01 -1.45000000e+00 -1.00358964e-02 -1.45000000e+00 -4.48012810e-03 
-1.44000000e+00 -4.36615113e-01 -1.44000000e+00 -1.00338489e-02 -1.44000000e+00 -4.38093006e-03 
-1.43000000e+00 -4.26821775e-01 -1.43000000e+00 -1.00317823e-02 -1.43000000e+00 -4.28178310e-03 
-1.42000000e+00 -4.17030710e-01 -1.42000000e+00 -1.00296929e-02 -1.42000000e+00 -4.18268995e-03 
-1.41000000e+00 -4.07242357e-01 -1.41000000e+00 -1.00275764e-02 -1.41000000e+00 -4.08365386e-03 
-1.40000000e+00 -3.97457238e-01 -1.40000000e+00 -1.00254276e-02 -1.40000000e+00 -3.98467877e-03 
-1.39000000e+00 -3.87675975e-01 -1.39000000e+00 -1.00232402e-02 -1.39000000e+00 -3.88576944e-03 
-1.38000000e+00 -3.77899308e-01 -1.38000000e+00 -1.00210069e-02 -1.38000000e+00 -3.78693158e-03 
-1.37000000e+00 -3.68128117e-01 -1.37000000e+00 -1.00187188e-02 -1.37000000e+00 -3.68817210e-03 
-1.36000000e+00 -3.58363444e-01 -1.36000000e+00 -1.00163656e-02 -1.36000000e+00 -3.58949926e-03 
-1.35000000e+00 -3.48606528e-01 -1.35000000e+00 -1.00139347e-02 -1.35000000e+00 -3.49092302e-03 
-1.34000000e+00 -3.38858837e-01 -1.34000000e+00 -1.00114116e-02 -1.34000000e+00 -3.39245530e-03 
-1.33000000e+00 -3.29122103e-01 -1.33000000e+00 -1.00087790e-02 -1.33000000e+00 -3.29411039e-03 
-1.32000000e+00 -3.19398376e-01 -1.32000000e+00 -1.00060162e-02 -1.32000000e+00 -3.19590533e-03 
-1.31000000e+00 -3.09690064e-01 -1.31000000e+00 -1.00030994e-02 -1.31000000e+00 -3.09786048e-03 
-1.30000000e+00 -3.00000000e-01 -1.30000000e+00 -1.00000000e-02 -1.30000000e+00 -3.00000000e-03 
-1.29000000e+00 -2.90331498e-01 -1.29000000e+00 -9.99668502e-03 -1.29000000e+00 -2.90235253e-03 
-1.28000000e+00 -2.80688422e-01 -1.28000000e+00 -9.99311578e-03 -1.28000000e+00 -2.80495190e-03 
-1.27000000e+00 -2.71075261e-01 -1.27000000e+00 -9.98924739e-03 -1.27000000e+00 -2.70783785e-03 
-1.26000000e+00 -2.61497198e-01 -1.26000000e+00 -9.98502802e-03 -1.26000000e+00 -2.61105685e-03 
-1.25000000e+00 -2.51960182e-01 -1.25000000e+00 -9.98039818e-03 -1.25000000e+00 -2.51466294e-03 
-1.24000000e+00 -2.42470993e-01 -1.24000000e+00 -9.97529007e-03 -1.24000000e+00 -2.41871849e-03 
-1.23000000e+00 -2.33037291e-01 -1.23000000e+00 -9.96962709e-03 -1.23000000e+00 -2.32329489e-03 
-1.22000000e+00 -2.23667650e-01 -1.22000000e+00 -9.96332350e-03 -1.22000000e+00 -2.22847315e-03 
-1.21000000e+00 -2.14371553e-01 -1.21000000e+00 -9.95628447e-03 -1.21000000e+00 -2.13434416e-03 
-1.20000000e+00 -2.05159356e-01 -1.20000000e+00 -9.94840644e-03 -1.20000000e+00 -2.04100866e-03 
-1.19000000e+00 -1.96042197e-01 -1.19000000e+00 -9.93957803e-03 -1.19000000e+00 -1.94857671e-03 
-1.18000000e+00 -1.87031848e-01 -1.18000000e+00 -9.92968152e-03 -1.18000000e+00 -1.85716669e-03 
-1.17000000e+00 -1.78140512e-01 -1.17000000e+00 -9.91859488e-03 -1.17000000e+00 -1.76690357e-03 
-1.16000000e+00 -1.69380548e-01 -1.16000000e+00 -9.90619452e-03 -1.16000000e+00 -1.67791665e-03 
-1.15000000e+00 -1.60764159e-01 -1.15000000e+00 -9.89235841e-03 -1.15000000e+00 -1.59033668e-03 
-1.14000000e+00 -1.52303035e-01 -1.14000000e+00 -9.87696965e-03 -1.14000000e+00 -1.50429245e-03 
-1.13000000e+00 -1.44007986e-01 -1.13000000e+00 -9.85992014e-03 -1.13000000e+00 -1.41990724e-03 
-1.12000000e+00 -1.35888595e-01 -1.12000000e+00 -9.84111405e-03 -1.12000000e+00 -1.33729516e-03 
-1.11000000e+00 -1.27952911e-01 -1.11000000e+00 -9.82047089e-03 -1.11000000e+00 -1.25655784e-03 
-1.10000000e+00 -1.20207214e-01 -1.10000000e+00 -9.79792786e-03 -1.10000000e+00 -1.17778161e-03 
-1.09000000e+00 -1.12655871e-01 -1.09000000e+00 -9.77344129e-03 -1.09000000e+00 -1.10103554e-03 
-1.08000000e+00 -1.05301281e-01 -1.08000000e+00 -9.74698719e-03 -1.08000000e+00 -1.02637024e-03 
-1.07000000e+00 -9.81439214e-02 -1.07000000e+00 -9.71856079e-03 -1.07000000e+00 -9.53817666e-04 
-1.06000000e+00 -9.11824694e-02 -1.06000000e+00 -9.68817531e-03 -1.06000000e+00 -8.83391748e-04 
-1.05000000e+00 -8.44139920e-02 -1.05000000e+00 -9.65586008e-03 -1.05000000e+00 -8.15089695e-04 
-1.04000000e+00 -7.78341736e-02 -1.04000000e+00 -9.62165826e-03 -1.04000000e+00 -7.48893820e-04 
-1.03000000e+00 -7.14375667e-02 -1.03000000e+00 -9.58562433e-03 -1.03000000e+00 -6.84773678e-04 
-1.02000000e+00 -6.52178433e-02 -1.02000000e+00 -9.54782157e-03 -1.02000000e+00 -6.22688331e-04 
-1.01000000e+00 -5.91680343e-02 -1.01000000e+00 -9.50831966e-03 -1.01000000e+00 -5.62588584e-04 
-1.00000000e+00 -5.32807466e-02 -1.00000000e+00 -9.46719253e-03 -1.00000000e+00 -5.04419086e-04 
-9.90000000e-01 -4.75483511e-02 -9.90000000e-01 -9.42451649e-03 -9.90000000e-01 -4.48120219e-04 
-9.80000000e-01 -4.19631408e-02 -9.80000000e-01 -9.38036859e-03 -9.80000000e-01 -3.93629728e-04 
-9.70000000e-01 -3.65174584e-02 -9.70000000e-01 -9.33482542e-03 -9.70000000e-01 -3.40884098e-04 
-9.60000000e-01 -3.12037954e-02 -9.60000000e-01 -9.28796205e-03 -9.60000000e-01 -2.89819667e-04 
-9.50000000e-01 -2.60148672e-02 -9.50000000e-01 -9.23985133e-03 -9.50000000e-01 -2.40373506e-04 
-9.40000000e-01 -2.09436664e-02 -9.40000000e-01 -9.19056334e-03 -9.40000000e-01 -1.92484093e-04 
-9.30000000e-01 -1.59834979e-02 -9.30000000e-01 -9.14016502e-03 -9.30000000e-01 -1.46091809e-04 
-9.20000000e-01 -1.11280007e-02 -9.20000000e-01 -9.08871999e-03 -9.20000000e-01 -1.01139282e-04 
-9.10000000e-01 -6.37115769e-03 -9.10000000e-01 -9.03628842e-03 -9.10000000e-01 -5.75716185e-05 
-9.00000000e-01 -1.70729743e-03 -9.00000000e-01 -8.98292703e-03 -9.00000000e-01 -1.53365282e-05 
-8.90000000e-01  2.86891108e-03 -8.90000000e-01 -8.92868911e-03 -8.90000000e-01  2.56156151e-05 
-8.80000000e-01  7.36246778e-03 -8.80000000e-01 -8.87362468e-03 -8.80000000e-01  6.53317758e-05 
-8.70000000e-01  1.17780545e-02 -8.70000000e-01 -8.81778054e-03 -8.70000000e-01  1.03856300e-04 
-8.60000000e-01  1.61200496e-02 -8.60000000e-01 -8.76120050e-03 -8.60000000e-01  1.41230987e-04 
-8.50000000e-01  2.03925444e-02 -8.50000000e-01 -8.70392544e-03 -8.50000000e-01  1.77495186e-04 
-8.40000000e-01  2.45993595e-02 -8.40000000e-01 -8.64599359e-03 -8.40000000e-01  2.12685904e-04 
-8.30000000e-01  2.87440617e-02 -8.30000000e-01 -8.58744062e-03 -8.30000000e-01  2.46837923e-04 
-8.20000000e-01  3.28299805e-02 -8.20000000e-01 -8.52829981e-03 -8.20000000e-01  2.79983917e-04 
-8.10000000e-01  3.68602242e-02 -8.10000000e-01 -8.46860224e-03 -8.10000000e-01  3.12154577e-04 
-8.00000000e-01  4.08376949e-02 -8.00000000e-01 -8.40837695e-03 -8.00000000e-01  3.43378732e-04 
-7.90000000e-01  4.47651032e-02 -7.90000000e-01 -8.34765103e-03 -7.90000000e-01  3.73683460e-04 
-7.80000000e-01  4.86449821e-02 -7.80000000e-01 -8.28644982e-03 -7.80000000e-01  4.03094203e-04 
-7.70000000e-01  5.24796996e-02 -7.70000000e-01 -8.22479700e-03 -7.70000000e-01  4.31634875e-04 
-7.60000000e-01  5.62714708e-02 -7.60000000e-01 -8.16271471e-03 -7.60000000e-01  4.59327962e-04 
-7.50000000e-01  6.00223691e-02 -7.50000000e-01 -8.10022369e-03 -7.50000000e-01  4.86194616e-04 
-7.40000000e-01  6.37343367e-02 -7.40000000e-01 -8.03734337e-03 -7.40000000e-01  5.12254748e-04 
-7.30000000e-01  6.74091937e-02 -7.30000000e-01 -7.97409194e-03 -7.30000000e-01  5.37527108e-04 
-7.20000000e-01  7.10486478e-02 -7.20000000e-01 -7.91048648e-03 -7.20000000e-01  5.62029367e-04 
-7.10000000e-01  7.46543016e-02 -7.10000000e-01 -7.84654302e-03 -7.10000000e-01  5.85778189e-04 
-7.00000000e-01  7.82276610e-02 -7.00000000e-01 -7.78227661e-03 -7.00000000e-01  6.08789297e-04 
-6.90000000e-01  8.17701416e-02 -6.90000000e-01 -7.71770142e-03 -6.90000000e-01  6.31077538e-04 
-6.80000000e-01  8.52830753e-02 -6.80000000e-01 -7.65283075e-03 -6.80000000e-01  6.52656942e-04 
-6.70000000e-01  8.87677165e-02 -6.70000000e-01 -7.58767716e-03 -6.70000000e-01  6.73540775e-04 
-6.60000000e-01  9.22252469e-02 -6.60000000e-01 -7.52225247e-03 -6.60000000e-01  6.93741591e-04 
-6.50000000e-01  9.56567814e-02 -6.50000000e-01 -7.45656781e-03 -6.50000000e-01  7.13271278e-04 
-6.40000000e-01  9.90633721e-02 -6.40000000e-01 -7.39063372e-03 -6.40000000e-01  7.32141099e-04 
-6.30000000e-01  1.02446013e-01 -6.30000000e-01 -7.32446013e-03 -6.30000000e-01  7.50361737e-04 
-6.20000000e-01  1.05805643e-01 -6.20000000e-01 -7.25805643e-03 -6.20000000e-01  7.67943328e-04 
-6.10000000e-01  1.09143151e-01 -6.10000000e-01 -7.19143151e-03 -6.10000000e-01  7.84895499e-04 
-6.00000000e-01  1.12459380e-01 -6.00000000e-01 -7.12459380e-03 -6.00000000e-01  8.01227398e-04 
-5.90000000e-01  1.15755124e-01 -5.90000000e-01 -7.05755124e-03 -5.90000000e-01  8.16947722e-04 
-5.80000000e-01  1.19031142e-01 -5.80000000e-01 -6.99031142e-03 -5.80000000e-01  8.32064749e-04 
-5.70000000e-01  1.22288149e-01 -5.70000000e-01 -6.92288149e-03 -5.70000000e-01  8.46586361e-04 
-5.60000000e-01  1.25526826e-01 -5.60000000e-01 -6.85526826e-03 -5.60000000e-01  8.60520068e-04 
-5.50000000e-01  1.28747821e-01 -5.50000000e-01 -6.78747821e-03 -5.50000000e-01  8.73873030e-04 
-5.40000000e-01  1.31951748e-01 -5.40000000e-01 -6.71951748e-03 -5.40000000e-01  8.86652079e-04 
-5.30000000e-01  1.35139193e-01 -5.30000000e-01 -6.65139193e-03 -5.30000000e-01  8.98863736e-04 
-5.20000000e-01  1.38310712e-01 -5.20000000e-01 -6.58310712e-03 -5.20000000e-01  9.10514232e-04 
-5.10000000e-01  1.41466836e-01 -5.10000000e-01 -6.51466836e-03 -5.10000000e-01  9.21609521e-04 
-5.00000000e-01  1.44608071e-01 -5.00000000e-01 -6.44608071e-03 -5.00000000e-01  9.32155299e-04 
-4.90000000e-01  1.47734900e-01 -4.90000000e-01 -6.37734900e-03 -4.90000000e-01  9.42157014e-04 
-4.80000000e-01  1.50847782e-01 -4.80000000e-01 -6.30847782e-03 -4.80000000e-01  9.51619886e-04 
-4.70000000e-01  1.53947158e-01 -4.70000000e-01 -6.23947158e-03 -4.70000000e-01  9.60548914e-04 
-4.60000000e-01  1.57033447e-01 -4.60000000e-01 -6.17033447e-03 -4.60000000e-01  9.68948890e-04 
-4.50000000e-01  1.60107051e-01 -4.50000000e-01 -6.10107051e-03 -4.50000000e-01  9.76824410e-04 
-4.40000000e-01  1.63168355e-01 -4.40000000e-01 -6.03168355e-03 -4.40000000e-01  9.84179885e-04 
-4.30000000e-01  1.66217726e-01 -4.30000000e-01 -5.96217726e-03 -4.30000000e-01  9.91019549e-04 
-4.20000000e-01  1.69255517e-01 -4.20000000e-01 -5.89255517e-03 -4.20000000e-01  9.97347470e-04 
-4.10000000e-01  1.72282064e-01 -4.10000000e-01 -5.82282064e-03 -4.10000000e-01  1.00316756e-03 
-4.00000000e-01  1.75297691e-01 -4.00000000e-01 -5.75297691e-03 -4.00000000e-01  1.00848357e-03 
-3.90000000e-01  1.78302709e-01 -3.90000000e-01 -5.68302709e-03 -3.90000000e-01  1.01329913e-03 
-3.80000000e-01  1.81297415e-01 -3.80000000e-01 -5.61297415e-03 -3.80000000e-01  1.01761770e-03 
-3.70000000e-01  1.84282094e-01 -3.70000000e-01 -5.54282094e-03 -3.70000000e-01  1.02144265e-03 
-3.60000000e-01  1.87257022e-01 -3.60000000e-01 -5.47257022e-03 -3.60000000e-01  1.02477720e-03 
-3.50000000e-01  1.90222462e-01 -3.50000000e-01 -5.40222462e-03 -3.50000000e-01  1.02762447e-03 
-3.40000000e-01  1.93178667e-01 -3.40000000e-01 -5.33178667e-03 -3.40000000e-01  1.02998744e-03 
-3.30000000e-01  1.96125882e-01 -3.30000000e-01 -5.26125882e-03 -3.30000000e-01  1.03186903e-03 
-3.20000000e-01  1.99064341e-01 -3.20000000e-01 -5.19064341e-03 -3.20000000e-01  1.03327201e-03 
-3.10000000e-01  2.01994271e-01 -3.10000000e-01 -5.11994271e-03 -3.10000000e-01  1.03419909e-03 
-3.00000000e-01  2.04915887e-01 -3.00000000e-01 -5.04915887e-03 -3.00000000e-01  1.03465287e-03 
-2.90000000e-01  2.07829401e-01 -2.90000000e-01 -4.97829401e-03 -2.90000000e-01  1.03463587e-03 
-2.80000000e-01  2.10735015e-01 -2.80000000e-01 -4.90735015e-03 -2.80000000e-01  1.03415051e-03 
-2.70000000e-01  2.13632922e-01 -2.70000000e-01 -4.83632922e-03 -2.70000000e-01  1.03319914e-03 
-2.60000000e-01  2.16523311e-01 -2.60000000e-01 -4.76523311e-03 -2.60000000e-01  1.03178405e-03 
-2.50000000e-01  2.19406364e-01 -2.50000000e-01 -4.69406364e-03 -2.50000000e-01  1.02990744e-03 
-2.40000000e-01  2.22282255e-01 -2.40000000e-01 -4.62282255e-03 -2.40000000e-01  1.02757142e-03 
-2.30000000e-01  2.25151153e-01 -2.30000000e-01 -4.55151153e-03 -2.30000000e-01  1.02477807e-03 
-2.20000000e-01  2.28013222e-01 -2.20000000e-01 -4.48013222e-03 -2.20000000e-01  1.02152938e-03 
-2.10000000e-01  2.30868619e-01 -2.10000000e-01 -4.40868619e-03 -2.10000000e-01  1.01782729e-03 
-2.00000000e-01  2.33717497e-01 -2.00000000e-01 -4.33717497e-03 -2.00000000e-01  1.01367368e-03 
-1.90000000e-01  2.36560004e-01 -1.90000000e-01 -4.26560004e-03 -1.90000000e-01  1.00907036e-03 
-1.80000000e-01  2.39396282e-01 -1.80000000e-01 -4.19396282e-03 -1.80000000e-01  1.00401910e-03 
-1.70000000e-01  2.42226468e-01 -1.70000000e-01 -4.12226468e-03 -1.70000000e-01  9.98521617e-04 
-1.60000000e-01  2.45050698e-01 -1.60000000e-01 -4.05050698e-03 -1.60000000e-01  9.92579565e-04 
-1.50000000e-01  2.47869100e-01 -1.50000000e-01 -3.97869100e-03 -1.50000000e-01  9.86194560e-04 
-1.40000000e-01  2.50681800e-01 -1.40000000e-01 -3.90681800e-03 -1.40000000e-01  9.79368170e-04 
-1.30000000e-01  2.53488919e-01 -1.30000000e-01 -3.83488919e-03 -1.30000000e-01  9.72101916e-04 
-1.20000000e-01  2.56290575e-01 -1.20000000e-01 -3.76290575e-03 -1.20000000e-01  9.64397278e-04 
-1.10000000e-01  2.59086882e-01 -1.10000000e-01 -3.69086882e-03 -1.10000000e-01  9.56255693e-04 
-1.00000000e-01  2.61877950e-01 -1.00000000e-01 -3.61877950e-03 -1.00000000e-01  9.47678558e-04 
-9.00000000e-02  2.64663888e-01 -9.00000000e-02 -3.54663888e-03 -9.00000000e-02  9.38667233e-04 
-8.00000000e-02  2.67444798e-01 -8.00000000e-02 -3.47444798e-03 -8.00000000e-02  9.29223040e-04 
-7.00000000e-02  2.70220783e-01 -7.00000000e-02 -3.40220783e-03 -7.00000000e-02  9.19347265e-04 
-6.00000000e-02  2.72991941e-01 -6.00000000e-02 -3.32991941e-03 -6.00000000e-02  9.09041160e-04 
-5.00000000e-02  2.75758366e-01 -5.00000000e-02 -3.25758366e-03 -5.00000000e-02  8.98305945e-04 
-4.00000000e-02  2.78520151e-01 -4.00000000e-02 -3.18520151e-03 -4.00000000e-02  8.87142806e-04 
-3.00000000e-02  2.81277387e-01 -3.00000000e-02 -3.11277387e-03 -3.00000000e-02  8.75552900e-04 
-2.00000000e-02  2.84030160e-01 -2.00000000e-02 -3.04030160e-03 -2.00000000e-02  8.63537353e-04 
-1.00000000e-02  2.86778557e-01 -1.00000000e-02 -2.96778557e-03 -1.00000000e-02  8.51097262e-04 
 1.64104841e-15  2.89522658e-01  1.64104841e-15 -2.89522658e-03  1.64104841e-15  8.38233697e-04 
 1.00000000e-02  2.92262546e-01  1.00000000e-02 -2.82262546e-03  1.00000000e-02  8.24947701e-04 
 2.00000000e-02  2.94998297e-01  2.00000000e-02 -2.74998297e-03  2.00000000e-02  8.11240292e-04 
 3.00000000e-02  2.97729988e-01  3.00000000e-02 -2.67729988e-03  3.00000000e-02  7.97112462e-04 
 4.00000000e-02  3.00457693e-01  4.00000000e-02 -2.60457693e-03  4.00000000e-02  7.82565178e-04 
 5.00000000e-02  3.03181485e-01  5.00000000e-02 -2.53181485e-03  5.00000000e-02  7.67599384e-04 
 6.00000000e-02  3.05901432e-01  6.00000000e-02 -2.45901432e-03  6.00000000e-02  7.52216003e-04 
 7.00000000e-02  3.08617604e-01  7.00000000e-02 -2.38617604e-03  7.00000000e-02  7.36415934e-04 
 8.00000000e-02  3.11330068e-01  8.00000000e-02 -2.31330068e-03  8.00000000e-02  7.20200056e-04 
 9.00000000e-02  3.14038887e-01  9.00000000e-02 -2.24038887e-03  9.00000000e-02  7.03569227e-04 
 1.00000000e-01  3.16744125e-01  1.00000000e-01 -2.16744125e-03  1.00000000e-01  6.86524285e-04 
 1.10000000e-01  3.19445845e-01  1.10000000e-01 -2.09445845e-03  1.10000000e-01  6.69066049e-04 
 1.20000000e-01  3.22144105e-01  1.20000000e-01 -2.02144105e-03  1.20000000e-01  6.51195318e-04 
 1.30000000e-01  3.24838965e-01  1.30000000e-01 -1.94838965e-03  1.30000000e-01  6.32912877e-04 
 1.40000000e-01  3.27530481e-01  1.40000000e-01 -1.87530481e-03  1.40000000e-01  6.14219487e-04 
 1.50000000e-01  3.30218710e-01  1.50000000e-01 -1.80218710e-03  1.50000000e-01  5.95115898e-04 
 1.60000000e-01  3.32903705e-01  1.60000000e-01 -1.72903705e-03  1.60000000e-01  5.75602840e-04 
 1.70000000e-01  3.35585520e-01  1.70000000e-01 -1.65585520e-03  1.70000000e-01  5.55681029e-04 
 1.80000000e-01  3.38264207e-01  1.80000000e-01 -1.58264207e-03  1.80000000e-01  5.35351162e-04 
 1.90000000e-01  3.40939815e-01  1.90000000e-01 -1.50939815e-03  1.90000000e-01  5.14613926e-04 
 2.00000000e-01  3.43612395e-01  2.00000000e-01 -1.43612395e-03  2.00000000e-01  4.93469990e-04 
 2.10000000e-01  3.46281995e-01  2.10000000e-01 -1.36281995e-03  2.10000000e-01  4.71920009e-04 
 2.20000000e-01  3.48948661e-01  2.20000000e-01 -1.28948661e-03  2.20000000e-01  4.49964625e-04 
 2.30000000e-01  3.51612440e-01  2.30000000e-01 -1.21612440e-03  2.30000000e-01  4.27604466e-04 
 2.40000000e-01  3.54273376e-01  2.40000000e-01 -1.14273376e-03  2.40000000e-01  4.04840148e-04 
 2.50000000e-01  3.56931514e-01  2.50000000e-01 -1.06931514e-03  2.50000000e-01  3.81672273e-04 
 2.60000000e-01  3.59586897e-01  2.60000000e-01 -9.95868967e-04  2.60000000e-01  3.58101431e-04 
 2.70000000e-01  3.62239565e-01  2.70000000e-01 -9.22395655e-04  2.70000000e-01  3.34128201e-04 
 2.80000000e-01  3.64889562e-01  2.80000000e-01 -8.48895618e-04  2.80000000e-01  3.09753150e-04 
 2.90000000e-01  3.67536926e-01  2.90000000e-01 -7.75369256e-04  2.90000000e-01  2.84976832e-04 
 3.00000000e-01  3.70181696e-01  3.00000000e-01 -7.01816961e-04  3.00000000e-01  2.59799793e-04 
 3.10000000e-01  3.72823912e-01  3.10000000e-01 -6.28239118e-04  3.10000000e-01  2.34222566e-04 
 3.20000000e-01  3.75463610e-01  3.20000000e-01 -5.54636102e-04  3.20000000e-01  2.08245673e-04 
 3.30000000e-01  3.78100828e-01  3.30000000e-01 -4.81008280e-04  3.30000000e-01  1.81869629e-04 
 3.40000000e-01  3.80735601e-01  3.40000000e-01 -4.07356011e-04  3.40000000e-01  1.55094936e-04 
 3.50000000e-01  3.83367965e-01  3.50000000e-01 -3.33679649e-04  3.50000000e-01  1.27922088e-04 
 3.60000000e-01  3.85997954e-01  3.60000000e-01 -2.59979536e-04  3.60000000e-01  1.00351569e-04 
 3.70000000e-01  3.88625601e-01  3.70000000e-01 -1.86256010e-04  3.70000000e-01  7.23838539e-05 
 3.80000000e-01  3.91250940e-01  3.80000000e-01 -1.12509402e-04  3.80000000e-01  4.40194093e-05 
 3.90000000e-01  3.93874003e-01  3.90000000e-01 -3.87400345e-05  3.90000000e-01  1.52586925e-05 
 4.00000000e-01  3.96494822e-01  4.00000000e-01  3.50517754e-05  4.00000000e-01 -1.38978475e-05 
 4.10000000e-01  3.99113428e-01  4.10000000e-01  1.08865718e-04  4.10000000e-01 -4.34497698e-05 
 4.20000000e-01  4.01729851e-01  4.20000000e-01  1.82701488e-04  4.20000000e-01 -7.33966416e-05 
 4.30000000e-01  4.04344121e-01  4.30000000e-01  2.56558789e-04  4.30000000e-01 -1.03738038e-04 
 4.40000000e-01  4.06956267e-01  4.40000000e-01  3.30437328e-04  4.40000000e-01 -1.34473542e-04 
 4.50000000e-01  4.09566318e-01  4.50000000e-01  4.04336820e-04  4.50000000e-01 -1.65602743e-04 
 4.60000000e-01  4.12174302e-01  4.60000000e-01  4.78256984e-04  4.60000000e-01 -1.97125238e-04 
 4.70000000e-01  4.14780245e-01  4.70000000e-01  5.52197545e-04  4.70000000e-01 -2.29040633e-04 
 4.80000000e-01  4.17384177e-01  4.80000000e-01  6.26158234e-04  4.80000000e-01 -2.61348539e-04 
 4.90000000e-01  4.19986121e-01  4.90000000e-01  7.00138787e-04  4.90000000e-01 -2.94048573e-04 
 5.00000000e-01  4.22586106e-01  5.00000000e-01  7.74138943e-04  5.00000000e-01 -3.27140361e-04 
 5.10000000e-01  4.25184155e-01  5.10000000e-01  8.48158449e-04  5.10000000e-01 -3.60623534e-04 
 5.20000000e-01  4.27780294e-01  5.20000000e-01  9.22197056e-04  5.20000000e-01 -3.94497728e-04 
 5.30000000e-01  4.30374548e-01  5.30000000e-01  9.96254519e-04  5.30000000e-01 -4.28762588e-04 
 5.40000000e-01  4.32966940e-01  5.40000000e-01  1.07033060e-03  5.40000000e-01 -4.63417764e-04 
 5.50000000e-01  4.35557494e-01  5.50000000e-01  1.14442506e-03  5.50000000e-01 -4.98462910e-04 
 5.60000000e-01  4.38146233e-01  5.60000000e-01  1.21853767e-03  5.60000000e-01 -5.33897688e-04 
 5.70000000e-01  4.40733180e-01  5.70000000e-01  1.29266820e-03  5.70000000e-01 -5.69721765e-04 
 5.80000000e-01  4.43318357e-01  5.80000000e-01  1.36681643e-03  5.80000000e-01 -6.05934813e-04 
 5.90000000e-01  4.45901786e-01  5.90000000e-01  1.44098214e-03  5.90000000e-01 -6.42536509e-04 
 6.00000000e-01  4.48483489e-01  6.00000000e-01  1.51516511e-03  6.00000000e-01 -6.79526536e-04 
 6.10000000e-01  4.51063485e-01  6.10000000e-01  1.58936515e-03  6.10000000e-01 -7.16904582e-04 
 6.20000000e-01  4.53641797e-01  6.20000000e-01  1.66358203e-03  6.20000000e-01 -7.54670340e-04 
 6.30000000e-01  4.56218445e-01  6.30000000e-01  1.73781555e-03  6.30000000e-01 -7.92823508e-04 
 6.40000000e-01  4.58793448e-01  6.40000000e-01  1.81206552e-03  6.40000000e-01 -8.31363789e-04 
 6.50000000e-01  4.61366826e-01  6.50000000e-01  1.88633174e-03  6.50000000e-01 -8.70290888e-04 
 6.60000000e-01  4.63938598e-01  6.60000000e-01  1.96061402e-03  6.60000000e-01 -9.09604519e-04 
 6.70000000e-01  4.66508784e-01  6.70000000e-01  2.03491216e-03  6.70000000e-01 -9.49304398e-04 
 6.80000000e-01  4.69077401e-01  6.80000000e-01  2.10922599e-03  6.80000000e-01 -9.89390245e-04 
 6.90000000e-01  4.71644469e-01  6.90000000e-01  2.18355531e-03  6.90000000e-01 -1.02986178e-03 
 7.00000000e-01  4.74210005e-01  7.00000000e-01  2.25789995e-03  7.00000000e-01 -1.07071875e-03 
 7.10000000e-01  4.76774027e-01  7.10000000e-01  2.33225973e-03  7.10000000e-01 -1.11196086e-03 
 7.20000000e-01  4.79336552e-01  7.20000000e-01  2.40663448e-03  7.20000000e-01 -1.15358787e-03 
 7.30000000e-01  4.81897597e-01  7.30000000e-01  2.48102403e-03  7.30000000e-01 -1.19559952e-03 
 7.40000000e-01  4.84457179e-01  7.40000000e-01  2.55542821e-03  7.40000000e-01 -1.23799554e-03 
 7.50000000e-01  4.87015315e-01  7.50000000e-01  2.62984685e-03  7.50000000e-01 -1.28077569e-03 
 7.60000000e-01  4.89572020e-01  7.60000000e-01  2.70427980e-03  7.60000000e-01 -1.32393972e-03 
 7.70000000e-01  4.92127312e-01  7.70000000e-01  2.77872688e-03  7.70000000e-01 -1.36748739e-03 
 7.80000000e-01  4.94681204e-01  7.80000000e-01  2.85318796e-03  7.80000000e-01 -1.41141845e-03 
 7.90000000e-01  4.97233714e-01  7.90000000e-01  2.92766286e-03  7.90000000e-01 -1.45573268e-03 
 8.00000000e-01  4.99784856e-01  8.00000000e-01  3.00215144e-03  8.00000000e-01 -1.50042983e-03 
 8.10000000e-01  5.02334644e-01  8.10000000e-01  3.07665356e-03  8.10000000e-01 -1.54550967e-03 
 8.20000000e-01  5.04883095e-01  8.20000000e-01  3.15116905e-03  8.20000000e-01 -1.59097198e-03 
 8.30000000e-01  5.07430221e-01  8.30000000e-01  3.22569779e-03  8.30000000e-01 -1.63681654e-03 
 8.40000000e-01  5.09976039e-01  8.40000000e-01  3.30023961e-03  8.40000000e-01 -1.68304312e-03 
 8.50000000e-01  5.12520560e-01  8.50000000e-01  3.37479440e-03  8.50000000e-01 -1.72965152e-03 
 8.60000000e-01  5.15063800e-01  8.60000000e-01  3.44936200e-03  8.60000000e-01 -1.77664150e-03 
 8.70000000e-01  5.17605771e-01  8.70000000e-01  3.52394229e-03  8.70000000e-01 -1.82401287e-03 
 8.80000000e-01  5.20146488e-01  8.80000000e-01  3.59853512e-03  8.80000000e-01 -1.87176540e-03 
 8.90000000e-01  5.22685963e-01  8.90000000e-01  3.67314037e-03  8.90000000e-01 -1.91989891e-03 
 9.00000000e-01  5.25224209e-01  9.00000000e-01  3.74775791e-03  9.00000000e-01 -1.96841318e-03 
 9.10000000e-01  5.27761240e-01  9.10000000e-01  3.82238760e-03  9.10000000e-01 -2.01730802e-03 
 9.20000000e-01  5.30297067e-01  9.20000000e-01  3.89702933e-03  9.20000000e-01 -2.06658322e-03 
 9.30000000e-01  5.32831702e-01  9.30000000e-01  3.97168298e-03  9.30000000e-01 -2.11623860e-03 
 9.40000000e-01  5.35365159e-01  9.40000000e-01  4.04634841e-03  9.40000000e-01 -2.16627396e-03 
 9.50000000e-01  5.37897449e-01  9.50000000e-01  4.12102551e-03  9.50000000e-01 -2.21668911e-03 
 9.60000000e-01  5.40428584e-01  9.60000000e-01  4.19571416e-03  9.60000000e-01 -2.26748386e-03 
 9.70000000e-01  5.42958576e-01  9.70000000e-01  4.27041424e-03  9.70000000e-01 -2.31865803e-03 
 9.80000000e-01  5.45487435e-01  9.80000000e-01  4.34512565e-03  9.80000000e-01 -2.37021145e-03 
 9.90000000e-01  5.48015174e-01  9.90000000e-01  4.41984826e-03  9.90000000e-01 -2.42214391e-03 
 1.00000000e+00  5.50541804e-01  1.00000000e+00  4.49458196e-03  1.00000000e+00 -2.47445526e-03 
 1.01000000e+00  5.53067334e-01  1.01000000e+00  4.56932666e-03  1.01000000e+00 -2.52714531e-03 
 1.02000000e+00  5.55591777e-01  1.02000000e+00  4.64408223e-03  1.02000000e+00 -2.58021390e-03 
 1.03000000e+00  5.58115143e-01  1.03000000e+00  4.71884857e-03  1.03000000e+00 -2.63366084e-03 
 1.04000000e+00  5.60637442e-01  1.04000000e+00  4.79362558e-03  1.04000000e+00 -2.68748598e-03 
 1.05000000e+00  5.63158685e-01  1.05000000e+00  4.86841315e-03  1.05000000e+00 -2.74168915e-03 
 1.06000000e+00  5.65678882e-01  1.06000000e+00  4.94321118e-03  1.06000000e+00 -2.79627017e-03 
 1.07000000e+00  5.68198042e-01  1.07000000e+00  5.01801958e-03  1.07000000e+00 -2.85122890e-03 
 1.08000000e+00  5.70716177e-01  1.08000000e+00  5.09283823e-03  1.08000000e+00 -2.90656516e-03 
 1.09000000e+00  5.73233295e-01  1.09000000e+00  5.16766705e-03  1.09000000e+00 -2.96227881e-03 
 1.10000000e+00  5.75749406e-01  1.10000000e+00  5.24250594e-03  1.10000000e+00 -3.01836968e-03 
 1.11000000e+00  5.78264520e-01  1.11000000e+00  5.31735480e-03  1.11000000e+00 -3.07483762e-03 
 1.12000000e+00  5.80778646e-01  1.12000000e+00  5.39221354e-03  1.12000000e+00 -3.13168248e-03 
 1.13000000e+00  5.83291794e-01  1.13000000e+00  5.46708206e-03  1.13000000e+00 -3.18890410e-03 
 1.14000000e+00  5.85803971e-01  1.14000000e+00  5.54196029e-03  1.14000000e+00 -3.24650234e-03 
 1.15000000e+00  5.88315189e-01  1.15000000e+00  5.61684811e-03  1.15000000e+00 -3.30447706e-03 
 1.16000000e+00  5.90825454e-01  1.16000000e+00  5.69174546e-03  1.16000000e+00 -3.36282810e-03 
 1.17000000e+00  5.93334777e-01  1.17000000e+00  5.76665223e-03  1.17000000e+00 -3.42155531e-03 
 1.18000000e+00  5.95843165e-01  1.18000000e+00  5.84156835e-03  1.18000000e+00 -3.48065857e-03 
 1.19000000e+00  5.98350627e-01  1.19000000e+00  5.91649373e-03  1.19000000e+00 -3.54013773e-03 
 1.20000000e+00  6.00857172e-01  1.20000000e+00  5.99142828e-03  1.20000000e+00 -3.59999265e-03 
 1.21000000e+00  6.03362807e-01  1.21000000e+00  6.06637193e-03  1.21000000e+00 -3.66022320e-03 
 1.22000000e+00  6.05867541e-01  1.22000000e+00  6.14132459e-03  1.22000000e+00 -3.72082923e-03 
 1.23000000e+00  6.08371383e-01  1.23000000e+00  6.21628617e-03  1.23000000e+00 -3.78181061e-03 
 1.24000000e+00  6.10874339e-01  1.24000000e+00  6.29125661e-03  1.24000000e+00 -3.84316722e-03 
 1.25000000e+00  6.13376418e-01  1.25000000e+00  6.36623582e-03  1.25000000e+00 -3.90489892e-03 
 1.26000000e+00  6.15877628e-01  1.26000000e+00  6.44122372e-03  1.26000000e+00 -3.96700559e-03 
 1.27000000e+00  6.18377975e-01  1.27000000e+00  6.51622025e-03  1.27000000e+00 -4.02948708e-03 
 1.28000000e+00  6.20877469e-01  1.28000000e+00  6.59122531e-03  1.28000000e+00 -4.09234329e-03 
 1.29000000e+00  6.23376115e-01  1.29000000e+00  6.66623885e-03  1.29000000e+00 -4.15557408e-03 
 1.30000000e+00  6.25873922e-01  1.30000000e+00  6.74126078e-03  1.30000000e+00 -4.21917932e-03 
 1.31000000e+00  6.28370897e-01  1.31000000e+00  6.81629103e-03  1.31000000e+00 -4.28315891e-03 
 1.32000000e+00  6.30867046e-01  1.32000000e+00  6.89132954e-03  1.32000000e+00 -4.34751271e-03 
 1.33000000e+00  6.33362378e-01  1.33000000e+00  6.96637622e-03  1.33000000e+00 -4.41224061e-03 
 1.34000000e+00  6.35856898e-01  1.34000000e+00  7.04143102e-03  1.34000000e+00 -4.47734249e-03 
 1.35000000e+00  6.38350615e-01  1.35000000e+00  7.11649385e-03  1.35000000e+00 -4.54281823e-03 
 1.36000000e+00  6.40843533e-01  1.36000000e+00  7.19156467e-03  1.36000000e+00 -4.60866771e-03 
 1.37000000e+00  6.43335662e-01  1.37000000e+00  7.26664338e-03  1.37000000e+00 -4.67489083e-03 
 1.38000000e+00  6.45827006e-01  1.38000000e+00  7.34172994e-03  1.38000000e+00 -4.74148747e-03 
 1.39000000e+00  6.48317573e-01  1.39000000e+00  7.41682427e-03  1.39000000e+00 -4.80845751e-03 
 1.40000000e+00  6.50807368e-01  1.40000000e+00  7.49192632e-03  1.40000000e+00 -4.87580085e-03 
 1.41000000e+00  6.53296400e-01  1.41000000e+00  7.56703600e-03  1.41000000e+00 -4.94351738e-03 
 1.42000000e+00  6.55784672e-01  1.42000000e+00  7.64215328e-03  1.42000000e+00 -5.01160698e-03 
 1.43000000e+00  6.58272193e-01  1.43000000e+00  7.71727807e-03  1.43000000e+00 -5.08006956e-03 
 1.44000000e+00  6.60758968e-01  1.44000000e+00  7.79241032e-03  1.44000000e+00 -5.14890500e-03 
 1.45000000e+00  6.63245003e-01  1.45000000e+00  7.86754997e-03  1.45000000e+00 -5.21811320e-03 
 1.46000000e+00  6.65730304e-01  1.46000000e+00  7.94269696e-03  1.46000000e+00 -5.28769406e-03 
 1.47000000e+00  6.68214878e-01  1.47000000e+00  8.01785122e-03  1.47000000e+00 -5.35764747e-03 
 1.48000000e+00  6.70698729e-01  1.48000000e+00  8.09301271e-03  1.48000000e+00 -5.42797334e-03 
 1.49000000e+00  6.73181864e-01  1.49000000e+00  8.16818136e-03  1.49000000e+00 -5.49867155e-03 
 1.50000000e+00  6.75664289e-01  1.50000000e+00  8.24335711e-03  1.50000000e+00 -5.56974202e-03 
 1.51000000e+00  6.78146009e-01  1.51000000e+00  8.31853991e-03  1.51000000e+00 -5.64118464e-03 
 1.52000000e+00  6.80627030e-01  1.52000000e+00  8.39372970e-03  1.52000000e+00 -5.71299932e-03 
 1.53000000e+00  6.83107357e-01  1.53000000e+00  8.46892643e-03  1.53000000e+00 -5.78518595e-03 
 1.54000000e+00  6.85586995e-01  1.54000000e+00  8.54413005e-03  1.54000000e+00 -5.85774445e-03 
 1.55000000e+00  6.88065951e-01  1.55000000e+00  8.61934049e-03  1.55000000e+00 -5.93067471e-03 
 1.56000000e+00  6.90544230e-01  1.56000000e+00  8.69455770e-03  1.56000000e+00 -6.00397665e-03 
 1.57000000e+00  6.93021836e-01  1.57000000e+00  8.76978164e-03  1.57000000e+00 -6.07765017e-03 
 1.58000000e+00  6.95498775e-01  1.58000000e+00  8.84501225e-03  1.58000000e+00 -6.15169519e-03 
 1.59000000e+00  6.97975053e-01  1.59000000e+00  8.92024947e-03  1.59000000e+00 -6.22611160e-03 
 1.60000000e+00  7.00450673e-01  1.60000000e+00  8.99549327e-03  1.60000000e+00 -6.30089932e-03 
 1.61000000e+00  7.02925642e-01  1.61000000e+00  9.07074358e-03  1.61000000e+00 -6.37605825e-03 
 1.62000000e+00  7.05399964e-01  1.62000000e+00  9.14600036e-03  1.62000000e+00 -6.45158833e-03 
 1.63000000e+00  7.07873645e-01  1.63000000e+00  9.22126355e-03  1.63000000e+00 -6.52748944e-03 
 1.64000000e+00  7.10346688e-01  1.64000000e+00  9.29653312e-03  1.64000000e+00 -6.60376151e-03 
 1.65000000e+00  7.12819099e-01  1.65000000e+00  9.37180901e-03  1.65000000e+00 -6.68040445e-03 
 1.66000000e+00  7.15290883e-01  1.66000000e+00  9.44709117e-03  1.66000000e+00 -6.75741818e-03 
 1.67000000e+00  7.17762044e-01  1.67000000e+00  9.52237956e-03  1.67000000e+00 -6.83480262e-03 
 1.68000000e+00  7.20232587e-01  1.68000000e+00  9.59767413e-03  1.68000000e+00 -6.91255767e-03 
 1.69000000e+00  7.22702517e-01  1.69000000e+00  9.67297483e-03  1.69000000e+00 -6.99068326e-03 
 1.70000000e+00  7.25171838e-01  1.70000000e+00  9.74828162e-03  1.70000000e+00 -7.06917930e-03 
 1.71000000e+00  7.27640555e-01  1.71000000e+00  9.82359445e-03  1.71000000e+00 -7.14804572e-03 
 1.72000000e+00  7.30108671e-01  1.72000000e+00  9.89891329e-03  1.72000000e+00 -7.22728243e-03 
 1.73000000e+00  7.32576192e-01  1.73000000e+00  9.97423808e-03  1.73000000e+00 -7.30688935e-03 
 1.74000000e+00  7.35043122e-01  1.74000000e+00  1.00495688e-02  1.74000000e+00 -7.38686641e-03 
 1.75000000e+00  7.37509466e-01  1.75000000e+00  1.01249053e-02  1.75000000e+00 -7.46721353e-03 
 1.76000000e+00  7.39975226e-01  1.76000000e+00  1.02002477e-02  1.76000000e+00 -7.54793063e-03 
 1.77000000e+00  7.42440408e-01  1.77000000e+00  1.02755959e-02  1.77000000e+00 -7.62901763e-03 
 1.78000000e+00  7.44905016e-01  1.78000000e+00  1.03509498e-02  1.78000000e+00 -7.71047446e-03 
 1.79000000e+00  7.47369054e-01  1.79000000e+00  1.04263095e-02  1.79000000e+00 -7.79230104e-03 
 1.80000000e+00  7.49832526e-01  1.80000000e+00  1.05016747e-02  1.80000000e+00 -7.87449730e-03 
 1.81000000e+00  7.52295436e-01  1.81000000e+00  1.05770456e-02  1.81000000e+00 -7.95706316e-03 
 1.82000000e+00  7.54757788e-01  1.82000000e+00  1.06524221e-02  1.82000000e+00 -8.03999856e-03 
 1.83000000e+00  7.57219586e-01  1.83000000e+00  1.07278041e-02  1.83000000e+00 -8.12330341e-03 
 1.84000000e+00  7.59680834e-01  1.84000000e+00  1.08031917e-02  1.84000000e+00 -8.20697765e-03 
 1.85000000e+00  7.62141536e-01  1.85000000e+00  1.08785846e-02  1.85000000e+00 -8.29102121e-03 
 1.86000000e+00  7.64601695e-01  1.86000000e+00  1.09539831e-02  1.86000000e+00 -8.37543401e-03 
 1.87000000e+00  7.67061316e-01  1.87000000e+00  1.10293868e-02  1.87000000e+00 -8.46021598e-03 
 1.88000000e+00  7.69520401e-01  1.88000000e+00  1.11047960e-02  1.88000000e+00 -8.54536706e-03 
 1.89000000e+00  7.71978956e-01  1.89000000e+00  1.11802104e-02  1.89000000e+00 -8.63088718e-03 
 1.90000000e+00  7.74436983e-01  1.90000000e+00  1.12556302e-02  1.90000000e+00 -8.71677627e-03 
 1.91000000e+00  7.76894487e-01  1.91000000e+00  1.13310551e-02  1.91000000e+00 -8.80303426e-03 
 1.92000000e+00  7.79351470e-01  1.92000000e+00  1.14064853e-02  1.92000000e+00 -8.88966109e-03 
 1.93000000e+00  7.81807936e-01  1.93000000e+00  1.14819206e-02  1.93000000e+00 -8.97665668e-03 
 1.94000000e+00  7.84263890e-01  1.94000000e+00  1.15573611e-02  1.94000000e+00 -9.06402097e-03 
 1.95000000e+00  7.86719333e-01  1.95000000e+00  1.16328067e-02  1.95000000e+00 -9.15175391e-03 
 1.96000000e+00  7.89174271e-01  1.96000000e+00  1.17082573e-02  1.96000000e+00 -9.23985541e-03 
 1.97000000e+00  7.91628706e-01  1.97000000e+00  1.17837129e-02  1.97000000e+00 -9.32832543e-03 
 1.98000000e+00  7.94082641e-01  1.98000000e+00  1.18591736e-02  1.98000000e+00 -9.41716388e-03 
 1.99000000e+00  7.96536080e-01  1.99000000e+00  1.19346392e-02  1.99000000e+00 -9.50637073e-03 
 2.00000000e+00  7.98989027e-01  2.00000000e+00  1.20101097e-02  2.00000000e+00 -9.59594589e-03 
