-2.00000000e+00 -9.81667361e-01 -2.00000000e+00 -1.01833264e-02 -2.00000000e+00 -9.99663914e-03 
-1.99000000e+00 -9.71862483e-01 -1.99000000e+00 -1.01813752e-02 -1.99000000e+00 -9.89489655e-03 
-1.98000000e+00 -9.62057628e-01 -1.98000000e+00 -1.01794237e-02 -1.98000000e+00 -9.79319224e-03 
-1.97000000e+00 -9.52252781e-01 -1.97000000e+00 -1.01774722e-02 -1.97000000e+00 -9.69152620e-03 
-1.96000000e+00 -9.42447947e-01 -1.96000000e+00 -1.01755205e-02 -1.96000000e+00 -9.58989843e-03 
-1.95000000e+00 -9.32643128e-01 -1.95000000e+00 -1.01735687e-02 -1.95000000e+00 -9.48830895e-03 
-1.94000000e+00 -9.22838325e-01 -1.94000000e+00 -1.01716167e-02 -1.94000000e+00 -9.38675776e-03 
-1.93000000e+00 -9.13033540e-01 -1.93000000e+00 -1.01696646e-02 -1.93000000e+00 -9.28524487e-03 
-1.92000000e+00 -9.03228773e-01 -1.92000000e+00 -1.01677123e-02 -1.92000000e+00 -9.18377028e-03 
-1.91000000e+00 -8.93424026e-01 -1.91000000e+00 -1.01657597e-02 -1.91000000e+00 -9.08233399e-03 
-1.90000000e+00 -8.83619301e-01 -1.90000000e+00 -1.01638070e-02 -1.90000000e+00 -8.98093603e-03 
-1.89000000e+00 -8.73814600e-01 -1.89000000e+00 -1.01618540e-02 -1.89000000e+00 -8.87957639e-03 
-1.88000000e+00 -8.64009926e-01 -1.88000000e+00 -1.01599007e-02 -1.88000000e+00 -8.77825509e-03 
-1.87000000e+00 -8.54205280e-01 -1.87000000e+00 -1.01579472e-02 -1.87000000e+00 -8.67697213e-03 
-1.86000000e+00 -8.44400664e-01 -1.86000000e+00 -1.01559934e-02 -1.86000000e+00 -8.57572754e-03 
-1.85000000e+00 -8.34596083e-01 -1.85000000e+00 -1.01540392e-02 -1.85000000e+00 -8.47452132e-03 
-1.84000000e+00 -8.24791539e-01 -1.84000000e+00 -1.01520846e-02 -1.84000000e+00 -8.37335349e-03 
-1.83000000e+00 -8.14987036e-01 -1.83000000e+00 -1.01501296e-02 -1.83000000e+00 -8.27222407e-03 
-1.82000000e+00 -8.05182577e-01 -1.82000000e+00 -1.01481742e-02 -1.82000000e+00 -8.17113308e-03 
-1.81000000e+00 -7.95378168e-01 -1.81000000e+00 -1.01462183e-02 -1.81000000e+00 -8.07008054e-03 
-1.80000000e+00 -7.85573813e-01 -1.80000000e+00 -1.01442619e-02 -1.80000000e+00 -7.96906648e-03 
-1.79000000e+00 -7.75769519e-01 -1.79000000e+00 -1.01423048e-02 -1.79000000e+00 -7.86809092e-03 
-1.78000000e+00 -7.65965291e-01 -1.78000000e+00 -1.01403471e-02 -1.78000000e+00 -7.76715391e-03 
-1.77000000e+00 -7.56161137e-01 -1.77000000e+00 -1.01383886e-02 -1.77000000e+00 -7.66625548e-03 
-1.76000000e+00 -7.46357066e-01 -1.76000000e+00 -1.01364293e-02 -1.76000000e+00 -7.56539566e-03 
-1.75000000e+00 -7.36553087e-01 -1.75000000e+00 -1.01344691e-02 -1.75000000e+00 -7.46457452e-03 
-1.74000000e+00 -7.26749210e-01 -1.74000000e+00 -1.01325079e-02 -1.74000000e+00 -7.36379211e-03 
-1.73000000e+00 -7.16945448e-01 -1.73000000e+00 -1.01305455e-02 -1.73000000e+00 -7.26304850e-03 
-1.72000000e+00 -7.07141816e-01 -1.72000000e+00 -1.01285818e-02 -1.72000000e+00 -7.16234376e-03 
-1.71000000e+00 -6.97338329e-01 -1.71000000e+00 -1.01266167e-02 -1.71000000e+00 -7.06167798e-03 
-1.70000000e+00 -6.87535007e-01 -1.70000000e+00 -1.01246499e-02 -1.70000000e+00 -6.96105126e-03 
-1.69000000e+00 -6.77731872e-01 -1.69000000e+00 -1.01226813e-02 -1.69000000e+00 -6.86046373e-03 
-1.68000000e+00 -6.67928949e-01 -1.68000000e+00 -1.01207105e-02 -1.68000000e+00 -6.75991553e-03 
-1.67000000e+00 -6.58126268e-01 -1.67000000e+00 -1.01187373e-02 -1.67000000e+00 -6.65940683e-03 
-1.66000000e+00 -6.48323865e-01 -1.66000000e+00 -1.01167613e-02 -1.66000000e+00 -6.55893782e-03 
-1.65000000e+00 -6.38521781e-01 -1.65000000e+00 -1.01147822e-02 -1.65000000e+00 -6.45850874e-03 
-1.64000000e+00 -6.28720064e-01 -1.64000000e+00 -1.01127994e-02 -1.64000000e+00 -6.35811986e-03 
-1.63000000e+00 -6.18918774e-01 -1.63000000e+00 -1.01108123e-02 -1.63000000e+00 -6.25777153e-03 
-1.62000000e+00 -6.09117981e-01 -1.62000000e+00 -1.01088202e-02 -1.62000000e+00 -6.15746414e-03 
-1.61000000e+00 -5.99317768e-01 -1.61000000e+00 -1.01068223e-02 -1.61000000e+00 -6.05719819e-03 
-1.60000000e+00 -5.89518238e-01 -1.60000000e+00 -1.01048176e-02 -1.60000000e+00 -5.95697428e-03 
-1.59000000e+00 -5.79719515e-01 -1.59000000e+00 -1.01028049e-02 -1.59000000e+00 -5.85679313e-03 
-1.58000000e+00 -5.69921750e-01 -1.58000000e+00 -1.01007825e-02 -1.58000000e+00 -5.75665564e-03 
-1.57000000e+00 -5.60125133e-01 -1.57000000e+00 -1.00987487e-02 -1.57000000e+00 -5.65656294e-03 
-1.56000000e+00 -5.50329897e-01 -1.56000000e+00 -1.00967010e-02 -1.56000000e+00 -5.55651644e-03 
-1.55000000e+00 -5.40536334e-01 -1.55000000e+00 -1.00946367e-02 -1.55000000e+00 -5.45651790e-03 
-1.54000000e+00 -5.30744817e-01 -1.54000000e+00 -1.00925518e-02 -1.54000000e+00 -5.35656958e-03 
-1.53000000e+00 -5.20955819e-01 -1.53000000e+00 -1.00904418e-02 -1.53000000e+00 -5.25667438e-03 
-1.52000000e+00 -5.11169951e-01 -1.52000000e+00 -1.00883005e-02 -1.52000000e+00 -5.15683607e-03 
-1.51000000e+00 -5.01388011e-01 -1.51000000e+00 -1.00861199e-02 -1.51000000e+00 -5.05705959e-03 
-1.50000000e+00 -4.91611051e-01 -1.50000000e+00 -1.00838895e-02 -1.50000000e+00 -4.95735151e-03 
-1.49000000e+00 -4.81840472e-01 -1.49000000e+00 -1.00815953e-02 -1.49000000e+00 -4.85772063e-03 
-1.48000000e+00 -4.72076778e-01 -1.48000000e+00 -1.00792322e-02 -1.48000000e+00 -4.75817147e-03 
-1.47000000e+00 -4.62320288e-01 -1.47000000e+00 -1.00767971e-02 -1.47000000e+00 -4.65870775e-03 
-1.46000000e+00 -4.52572236e-01 -1.46000000e+00 -1.00742776e-02 -1.46000000e+00 -4.55933835e-03 
-1.45000000e+00 -4.42834060e-01 -1.45000000e+00 -1.00716594e-02 -1.45000000e+00 -4.46007382e-03 
-1.44000000e+00 -4.33107436e-01 -1.44000000e+00 -1.00689256e-02 -1.44000000e+00 -4.36092657e-03 
-1.43000000e+00 -4.23394310e-01 -1.43000000e+00 -1.00660569e-02 -1.43000000e+00 -4.26191122e-03 
-1.42000000e+00 -4.13696936e-01 -1.42000000e+00 -1.00630306e-02 -1.42000000e+00 -4.16304494e-03 
-1.41000000e+00 -4.04017922e-01 -1.41000000e+00 -1.00598208e-02 -1.41000000e+00 -4.06434789e-03 
-1.40000000e+00 -3.94360272e-01 -1.40000000e+00 -1.00563973e-02 -1.40000000e+00 -3.96584357e-03 
-1.39000000e+00 -3.84727439e-01 -1.39000000e+00 -1.00527256e-02 -1.39000000e+00 -3.86755938e-03 
-1.38000000e+00 -3.75123371e-01 -1.38000000e+00 -1.00487663e-02 -1.38000000e+00 -3.76952709e-03 
-1.37000000e+00 -3.65552568e-01 -1.37000000e+00 -1.00444743e-02 -1.37000000e+00 -3.67178338e-03 
-1.36000000e+00 -3.56020123e-01 -1.36000000e+00 -1.00397988e-02 -1.36000000e+00 -3.57437039e-03 
-1.35000000e+00 -3.46531772e-01 -1.35000000e+00 -1.00346823e-02 -1.35000000e+00 -3.47733623e-03 
-1.34000000e+00 -3.37093924e-01 -1.34000000e+00 -1.00290608e-02 -1.34000000e+00 -3.38073545e-03 
-1.33000000e+00 -3.27713687e-01 -1.33000000e+00 -1.00228631e-02 -1.33000000e+00 -3.28462943e-03 
-1.32000000e+00 -3.18398863e-01 -1.32000000e+00 -1.00160114e-02 -1.32000000e+00 -3.18908663e-03 
-1.31000000e+00 -3.09157932e-01 -1.31000000e+00 -1.00084207e-02 -1.31000000e+00 -3.09418264e-03 
-1.30000000e+00 -2.99999993e-01 -1.30000000e+00 -1.00000001e-02 -1.30000000e+00 -2.99999995e-03 
-1.29000000e+00 -2.90934681e-01 -1.29000000e+00 -9.99065319e-03 -1.29000000e+00 -2.90662750e-03 
-1.28000000e+00 -2.81972034e-01 -1.28000000e+00 -9.98027966e-03 -1.28000000e+00 -2.81415976e-03 
-1.27000000e+00 -2.73122332e-01 -1.27000000e+00 -9.96877668e-03 -1.27000000e+00 -2.72269553e-03 
-1.26000000e+00 -2.64395891e-01 -1.26000000e+00 -9.95604109e-03 -1.26000000e+00 -2.63233635e-03 
-1.25000000e+00 -2.55802831e-01 -1.25000000e+00 -9.94197169e-03 -1.25000000e+00 -2.54318451e-03 
-1.24000000e+00 -2.47352827e-01 -1.24000000e+00 -9.92647173e-03 -1.24000000e+00 -2.45534084e-03 
-1.23000000e+00 -2.39054850e-01 -1.23000000e+00 -9.90945150e-03 -1.23000000e+00 -2.36890244e-03 
-1.22000000e+00 -2.30916926e-01 -1.22000000e+00 -9.89083074e-03 -1.22000000e+00 -2.28396023e-03 
-1.21000000e+00 -2.22945925e-01 -1.21000000e+00 -9.87054075e-03 -1.21000000e+00 -2.20059684e-03 
-1.20000000e+00 -2.15147384e-01 -1.20000000e+00 -9.84852616e-03 -1.20000000e+00 -2.11888464e-03 
-1.19000000e+00 -2.07525398e-01 -1.19000000e+00 -9.82474602e-03 -1.19000000e+00 -2.03888433e-03 
-1.18000000e+00 -2.00082564e-01 -1.18000000e+00 -9.79917436e-03 -1.18000000e+00 -1.96064393e-03 
-1.17000000e+00 -1.92819988e-01 -1.17000000e+00 -9.77180012e-03 -1.17000000e+00 -1.88419838e-03 
-1.16000000e+00 -1.85737349e-01 -1.16000000e+00 -9.74262651e-03 -1.16000000e+00 -1.80956962e-03 
-1.15000000e+00 -1.78833006e-01 -1.15000000e+00 -9.71166994e-03 -1.15000000e+00 -1.73676713e-03 
-1.14000000e+00 -1.72104146e-01 -1.14000000e+00 -9.67895854e-03 -1.14000000e+00 -1.66578889e-03 
-1.13000000e+00 -1.65546947e-01 -1.13000000e+00 -9.64453053e-03 -1.13000000e+00 -1.59662258e-03 
-1.12000000e+00 -1.59156754e-01 -1.12000000e+00 -9.60843246e-03 -1.12000000e+00 -1.52924692e-03 
-1.11000000e+00 -1.52928257e-01 -1.11000000e+00 -9.57071743e-03 -1.11000000e+00 -1.46363314e-03 
-1.10000000e+00 -1.46855656e-01 -1.10000000e+00 -9.53144344e-03 -1.10000000e+00 -1.39974638e-03 
-1.09000000e+00 -1.40932811e-01 -1.09000000e+00 -9.49067189e-03 -1.09000000e+00 -1.33754707e-03 
-1.08000000e+00 -1.35153381e-01 -1.08000000e+00 -9.44846619e-03 -1.08000000e+00 -1.27699215e-03 
-1.07000000e+00 -1.29510936e-01 -1.07000000e+00 -9.40489064e-03 -1.07000000e+00 -1.21803619e-03 
-1.06000000e+00 -1.23999050e-01 -1.06000000e+00 -9.36000950e-03 -1.06000000e+00 -1.16063229e-03 
-1.05000000e+00 -1.18611385e-01 -1.05000000e+00 -9.31388615e-03 -1.05000000e+00 -1.10473294e-03 
-1.04000000e+00 -1.13341742e-01 -1.04000000e+00 -9.26658258e-03 -1.04000000e+00 -1.05029062e-03 
-1.03000000e+00 -1.08184115e-01 -1.03000000e+00 -9.21815885e-03 -1.03000000e+00 -9.97258354e-04 
-1.02000000e+00 -1.03132715e-01 -1.02000000e+00 -9.16867285e-03 -1.02000000e+00 -9.45590120e-04 
-1.01000000e+00 -9.81819986e-02 -1.01000000e+00 -9.11818001e-03 -1.01000000e+00 -8.95241137e-04 
-1.00000000e+00 -9.33266795e-02 -1.00000000e+00 -9.06673321e-03 -1.00000000e+00 -8.46168104e-04 
-9.90000000e-01 -8.85617328e-02 -9.90000000e-01 -9.01438267e-03 -9.90000000e-01 -7.98329350e-04 
-9.80000000e-01 -8.38823981e-02 -9.80000000e-01 -8.96117602e-03 -9.80000000e-01 -7.51684934e-04 
-9.70000000e-01 -7.92841755e-02 -9.70000000e-01 -8.90715825e-03 -9.70000000e-01 -7.06196697e-04 
-9.60000000e-01 -7.47628197e-02 -9.60000000e-01 -8.85237180e-03 -9.60000000e-01 -6.61828277e-04 
-9.50000000e-01 -7.03143313e-02 -9.50000000e-01 -8.79685669e-03 -9.50000000e-01 -6.18545095e-04 
-9.40000000e-01 -6.59349469e-02 -9.40000000e-01 -8.74065053e-03 -9.40000000e-01 -5.76314329e-04 
-9.30000000e-01 -6.16211285e-02 -9.30000000e-01 -8.68378872e-03 -9.30000000e-01 -5.35104860e-04 
-9.20000000e-01 -5.73695512e-02 -9.20000000e-01 -8.62630449e-03 -9.20000000e-01 -4.94887217e-04 
-9.10000000e-01 -5.31770926e-02 -9.10000000e-01 -8.56822907e-03 -9.10000000e-01 -4.55633511e-04 
-9.00000000e-01 -4.90408202e-02 -9.00000000e-01 -8.50959180e-03 -9.00000000e-01 -4.17317361e-04 
-8.90000000e-01 -4.49579803e-02 -8.90000000e-01 -8.45042020e-03 -8.90000000e-01 -3.79913825e-04 
-8.80000000e-01 -4.09259872e-02 -8.80000000e-01 -8.39074013e-03 -8.80000000e-01 -3.43399323e-04 
-8.70000000e-01 -3.69424122e-02 -8.70000000e-01 -8.33057588e-03 -8.70000000e-01 -3.07751568e-04 
-8.60000000e-01 -3.30049734e-02 -8.60000000e-01 -8.26995027e-03 -8.60000000e-01 -2.72949488e-04 
-8.50000000e-01 -2.91115262e-02 -8.50000000e-01 -8.20888474e-03 -8.50000000e-01 -2.38973163e-04 
-8.40000000e-01 -2.52600544e-02 -8.40000000e-01 -8.14739946e-03 -8.40000000e-01 -2.05803754e-04 
-8.30000000e-01 -2.14486613e-02 -8.30000000e-01 -8.08551339e-03 -8.30000000e-01 -1.73423438e-04 
-8.20000000e-01 -1.76755619e-02 -8.20000000e-01 -8.02324438e-03 -8.20000000e-01 -1.41815352e-04 
-8.10000000e-01 -1.39390751e-02 -8.10000000e-01 -7.96060925e-03 -8.10000000e-01 -1.10963530e-04 
-8.00000000e-01 -1.02376174e-02 -8.00000000e-01 -7.89762383e-03 -8.00000000e-01 -8.08528511e-05 
-7.90000000e-01 -6.56969563e-03 -7.90000000e-01 -7.83430304e-03 -7.90000000e-01 -5.14689865e-05 
-7.80000000e-01 -2.93390133e-03 -7.80000000e-01 -7.77066099e-03 -7.80000000e-01 -2.27983526e-05 
-7.70000000e-01  6.71095030e-04 -7.70000000e-01 -7.70671095e-03 -7.70000000e-01  5.17193542e-06 
-7.60000000e-01  4.24654923e-03 -7.60000000e-01 -7.64246549e-03 -7.60000000e-01  3.24541059e-05 
-7.50000000e-01  7.79364818e-03 -7.50000000e-01 -7.57793648e-03 -7.50000000e-01  5.90597709e-05 
-7.40000000e-01  1.13135145e-02 -7.40000000e-01 -7.51313514e-03 -7.40000000e-01  8.49999631e-05 
-7.30000000e-01  1.48072104e-02 -7.30000000e-01 -7.44807210e-03 -7.30000000e-01  1.10285171e-04 
-7.20000000e-01  1.82757422e-02 -7.20000000e-01 -7.38275742e-03 -7.20000000e-01  1.34925372e-04 
-7.10000000e-01  2.17200633e-02 -7.10000000e-01 -7.31720063e-03 -7.10000000e-01  1.58930061e-04 
-7.00000000e-01  2.51410776e-02 -7.00000000e-01 -7.25141078e-03 -7.00000000e-01  1.82308281e-04 
-6.90000000e-01  2.85396431e-02 -6.90000000e-01 -7.18539643e-03 -6.90000000e-01  2.05068650e-04 
-6.80000000e-01  3.19165744e-02 -6.80000000e-01 -7.11916574e-03 -6.80000000e-01  2.27219383e-04 
-6.70000000e-01  3.52726452e-02 -6.70000000e-01 -7.05272645e-03 -6.70000000e-01  2.48768318e-04 
-6.60000000e-01  3.86085914e-02 -6.60000000e-01 -6.98608591e-03 -6.60000000e-01  2.69722936e-04 
-6.50000000e-01  4.19251127e-02 -6.50000000e-01 -6.91925113e-03 -6.50000000e-01  2.90090383e-04 
-6.40000000e-01  4.52228753e-02 -6.40000000e-01 -6.85222875e-03 -6.40000000e-01  3.09877486e-04 
-6.30000000e-01  4.85025137e-02 -6.30000000e-01 -6.78502514e-03 -6.30000000e-01  3.29090774e-04 
-6.20000000e-01  5.17646325e-02 -6.20000000e-01 -6.71764633e-03 -6.20000000e-01  3.47736493e-04 
-6.10000000e-01  5.50098084e-02 -6.10000000e-01 -6.65009808e-03 -6.10000000e-01  3.65820622e-04 
-6.00000000e-01  5.82385915e-02 -6.00000000e-01 -6.58238592e-03 -6.00000000e-01  3.83348885e-04 
-5.90000000e-01  6.14515070e-02 -5.90000000e-01 -6.51451507e-03 -5.90000000e-01  4.00326769e-04 
-5.80000000e-01  6.46490565e-02 -5.80000000e-01 -6.44649057e-03 -5.80000000e-01  4.16759533e-04 
-5.70000000e-01  6.78317195e-02 -5.70000000e-01 -6.37831720e-03 -5.70000000e-01  4.32652223e-04 
-5.60000000e-01  7.09999545e-02 -5.60000000e-01 -6.30999954e-03 -5.60000000e-01  4.48009680e-04 
-5.50000000e-01  7.41542000e-02 -5.50000000e-01 -6.24154200e-03 -5.50000000e-01  4.62836554e-04 
-5.40000000e-01  7.72948760e-02 -5.40000000e-01 -6.17294876e-03 -5.40000000e-01  4.77137309e-04 
-5.30000000e-01  8.04223847e-02 -5.30000000e-01 -6.10422385e-03 -5.30000000e-01  4.90916238e-04 
-5.20000000e-01  8.35371113e-02 -5.20000000e-01 -6.03537111e-03 -5.20000000e-01  5.04177468e-04 
-5.10000000e-01  8.66394253e-02 -5.10000000e-01 -5.96639425e-03 -5.10000000e-01  5.16924969e-04 
-5.00000000e-01  8.97296810e-02 -5.00000000e-01 -5.89729681e-03 -5.00000000e-01  5.29162562e-04 
-4.90000000e-01  9.28082186e-02 -4.90000000e-01 -5.82808219e-03 -4.90000000e-01  5.40893925e-04 
-4.80000000e-01  9.58753644e-02 -4.80000000e-01 -5.75875364e-03 -4.80000000e-01  5.52122604e-04 
-4.70000000e-01  9.89314320e-02 -4.70000000e-01 -5.68931432e-03 -4.70000000e-01  5.62852013e-04 
-4.60000000e-01  1.01976723e-01 -4.60000000e-01 -5.61976723e-03 -4.60000000e-01  5.73085445e-04 
-4.50000000e-01  1.05011526e-01 -4.50000000e-01 -5.55011526e-03 -4.50000000e-01  5.82826076e-04 
-4.40000000e-01  1.08036122e-01 -4.40000000e-01 -5.48036122e-03 -4.40000000e-01  5.92076971e-04 
-4.30000000e-01  1.11050776e-01 -4.30000000e-01 -5.41050776e-03 -4.30000000e-01  6.00841087e-04 
-4.20000000e-01  1.14055749e-01 -4.20000000e-01 -5.34055749e-03 -4.20000000e-01  6.09121283e-04 
-4.10000000e-01  1.17051287e-01 -4.10000000e-01 -5.27051287e-03 -4.10000000e-01  6.16920316e-04 
-4.00000000e-01  1.20037631e-01 -4.00000000e-01 -5.20037631e-03 -4.00000000e-01  6.24240855e-04 
-3.90000000e-01  1.23015012e-01 -3.90000000e-01 -5.13015012e-03 -3.90000000e-01  6.31085479e-04 
-3.80000000e-01  1.25983651e-01 -3.80000000e-01 -5.05983651e-03 -3.80000000e-01  6.37456680e-04 
-3.70000000e-01  1.28943764e-01 -3.70000000e-01 -4.98943764e-03 -3.70000000e-01  6.43356872e-04 
-3.60000000e-01  1.31895558e-01 -3.60000000e-01 -4.91895558e-03 -3.60000000e-01  6.48788390e-04 
-3.50000000e-01  1.34839232e-01 -3.50000000e-01 -4.84839232e-03 -3.50000000e-01  6.53753494e-04 
-3.40000000e-01  1.37774979e-01 -3.40000000e-01 -4.77774979e-03 -3.40000000e-01  6.58254376e-04 
-3.30000000e-01  1.40702986e-01 -3.30000000e-01 -4.70702986e-03 -3.30000000e-01  6.62293156e-04 
-3.20000000e-01  1.43623433e-01 -3.20000000e-01 -4.63623433e-03 -3.20000000e-01  6.65871890e-04 
-3.10000000e-01  1.46536494e-01 -3.10000000e-01 -4.56536494e-03 -3.10000000e-01  6.68992571e-04 
-3.00000000e-01  1.49442337e-01 -3.00000000e-01 -4.49442337e-03 -3.00000000e-01  6.71657134e-04 
-2.90000000e-01  1.52341126e-01 -2.90000000e-01 -4.42341126e-03 -2.90000000e-01  6.73867452e-04 
-2.80000000e-01  1.55233018e-01 -2.80000000e-01 -4.35233018e-03 -2.80000000e-01  6.75625347e-04 
-2.70000000e-01  1.58118164e-01 -2.70000000e-01 -4.28118164e-03 -2.70000000e-01  6.76932583e-04 
-2.60000000e-01  1.60996714e-01 -2.60000000e-01 -4.20996714e-03 -2.60000000e-01  6.77790877e-04 
-2.50000000e-01  1.63868810e-01 -2.50000000e-01 -4.13868810e-03 -2.50000000e-01  6.78201895e-04 
-2.40000000e-01  1.66734591e-01 -2.40000000e-01 -4.06734591e-03 -2.40000000e-01  6.78167254e-04 
-2.30000000e-01  1.69594190e-01 -2.30000000e-01 -3.99594190e-03 -2.30000000e-01  6.77688528e-04 
-2.20000000e-01  1.72447738e-01 -2.20000000e-01 -3.92447738e-03 -2.20000000e-01  6.76767246e-04 
-2.10000000e-01  1.75295361e-01 -2.10000000e-01 -3.85295361e-03 -2.10000000e-01  6.75404893e-04 
-2.00000000e-01  1.78137182e-01 -2.00000000e-01 -3.78137182e-03 -2.00000000e-01  6.73602917e-04 
-1.90000000e-01  1.80973318e-01 -1.90000000e-01 -3.70973318e-03 -1.90000000e-01  6.71362724e-04 
-1.80000000e-01  1.83803887e-01 -1.80000000e-01 -3.63803887e-03 -1.80000000e-01  6.68685683e-04 
-1.70000000e-01  1.86628998e-01 -1.70000000e-01 -3.56628998e-03 -1.70000000e-01  6.65573127e-04 
-1.60000000e-01  1.89448762e-01 -1.60000000e-01 -3.49448762e-03 -1.60000000e-01  6.62026352e-04 
-1.50000000e-01  1.92263282e-01 -1.50000000e-01 -3.42263282e-03 -1.50000000e-01  6.58046622e-04 
-1.40000000e-01  1.95072663e-01 -1.40000000e-01 -3.35072663e-03 -1.40000000e-01  6.53635168e-04 
-1.30000000e-01  1.97877003e-01 -1.30000000e-01 -3.27877003e-03 -1.30000000e-01  6.48793188e-04 
-1.20000000e-01  2.00676399e-01 -1.20000000e-01 -3.20676399e-03 -1.20000000e-01  6.43521852e-04 
-1.10000000e-01  2.03470946e-01 -1.10000000e-01 -3.13470946e-03 -1.10000000e-01  6.37822299e-04 
-1.00000000e-01  2.06260734e-01 -1.00000000e-01 -3.06260734e-03 -1.00000000e-01  6.31695639e-04 
-9.00000000e-02  2.09045853e-01 -9.00000000e-02 -2.99045853e-03 -9.00000000e-02  6.25142955e-04 
-8.00000000e-02  2.11826390e-01 -8.00000000e-02 -2.91826390e-03 -8.00000000e-02  6.18165305e-04 
-7.00000000e-02  2.14602427e-01 -7.00000000e-02 -2.84602427e-03 -7.00000000e-02  6.10763718e-04 
-6.00000000e-02  2.17374049e-01 -6.00000000e-02 -2.77374049e-03 -6.00000000e-02  6.02939200e-04 
-5.00000000e-02  2.20141334e-01 -5.00000000e-02 -2.70141334e-03 -5.00000000e-02  5.94692734e-04 
-4.00000000e-02  2.22904360e-01 -4.00000000e-02 -2.62904360e-03 -4.00000000e-02  5.86025279e-04 
-3.00000000e-02  2.25663202e-01 -3.00000000e-02 -2.55663202e-03 -3.00000000e-02  5.76937769e-04 
-2.00000000e-02  2.28417936e-01 -2.00000000e-02 -2.48417936e-03 -2.00000000e-02  5.67431120e-04 
-1.00000000e-02  2.31168631e-01 -1.00000000e-02 -2.41168631e-03 -1.00000000e-02  5.57506224e-04 
 1.64104841e-15  2.33915360e-01  1.64104841e-15 -2.33915360e-03  1.64104841e-15  5.47163954e-04 
 1.00000000e-02  2.36658188e-01  1.00000000e-02 -2.26658188e-03  1.00000000e-02  5.36405163e-04 
 2.00000000e-02  2.39397185e-01  2.00000000e-02 -2.19397185e-03  2.00000000e-02  5.25230684e-04 
 3.00000000e-02  2.42132413e-01  3.00000000e-02 -2.12132413e-03  3.00000000e-02  5.13641331e-04 
 4.00000000e-02  2.44863937e-01  4.00000000e-02 -2.04863937e-03  4.00000000e-02  5.01637903e-04 
 5.00000000e-02  2.47591818e-01  5.00000000e-02 -1.97591818e-03  5.00000000e-02  4.89221176e-04 
 6.00000000e-02  2.50316117e-01  6.00000000e-02 -1.90316117e-03  6.00000000e-02  4.76391915e-04 
 7.00000000e-02  2.53036892e-01  7.00000000e-02 -1.83036892e-03  7.00000000e-02  4.63150864e-04 
 8.00000000e-02  2.55754201e-01  8.00000000e-02 -1.75754201e-03  8.00000000e-02  4.49498753e-04 
 9.00000000e-02  2.58468100e-01  9.00000000e-02 -1.68468100e-03  9.00000000e-02  4.35436297e-04 
 1.00000000e-01  2.61178643e-01  1.00000000e-01 -1.61178643e-03  1.00000000e-01  4.20964192e-04 
 1.10000000e-01  2.63885884e-01  1.10000000e-01 -1.53885884e-03  1.10000000e-01  4.06083125e-04 
 1.20000000e-01  2.66589875e-01  1.20000000e-01 -1.46589875e-03  1.20000000e-01  3.90793765e-04 
 1.30000000e-01  2.69290667e-01  1.30000000e-01 -1.39290667e-03  1.30000000e-01  3.75096768e-04 
 1.40000000e-01  2.71988311e-01  1.40000000e-01 -1.31988311e-03  1.40000000e-01  3.58992776e-04 
 1.50000000e-01  2.74682853e-01  1.50000000e-01 -1.24682853e-03  1.50000000e-01  3.42482419e-04 
 1.60000000e-01  2.77374343e-01  1.60000000e-01 -1.17374343e-03  1.60000000e-01  3.25566314e-04 
 1.70000000e-01  2.80062827e-01  1.70000000e-01 -1.10062827e-03  1.70000000e-01  3.08245065e-04 
 1.80000000e-01  2.82748350e-01  1.80000000e-01 -1.02748350e-03  1.80000000e-01  2.90519265e-04 
 1.90000000e-01  2.85430957e-01  1.90000000e-01 -9.54309568e-04  1.90000000e-01  2.72389493e-04 
 2.00000000e-01  2.88110691e-01  2.00000000e-01 -8.81106906e-04  2.00000000e-01  2.53856319e-04 
 2.10000000e-01  2.90787594e-01  2.10000000e-01 -8.07875943e-04  2.10000000e-01  2.34920302e-04 
 2.20000000e-01  2.93461709e-01  2.20000000e-01 -7.34617093e-04  2.20000000e-01  2.15581988e-04 
 2.30000000e-01  2.96133076e-01  2.30000000e-01 -6.61330765e-04  2.30000000e-01  1.95841914e-04 
 2.40000000e-01  2.98801736e-01  2.40000000e-01 -5.88017357e-04  2.40000000e-01  1.75700607e-04 
 2.50000000e-01  3.01467726e-01  2.50000000e-01 -5.14677259e-04  2.50000000e-01  1.55158583e-04 
 2.60000000e-01  3.04131085e-01  2.60000000e-01 -4.41310853e-04  2.60000000e-01  1.34216349e-04 
 2.70000000e-01  3.06791851e-01  2.70000000e-01 -3.67918514e-04  2.70000000e-01  1.12874402e-04 
 2.80000000e-01  3.09450061e-01  2.80000000e-01 -2.94500607e-04  2.80000000e-01  9.11332308e-05 
 2.90000000e-01  3.12105749e-01  2.90000000e-01 -2.21057492e-04  2.90000000e-01  6.89933141e-05 
 3.00000000e-01  3.14758952e-01  3.00000000e-01 -1.47589519e-04  3.00000000e-01  4.64551223e-05 
 3.10000000e-01  3.17409703e-01  3.10000000e-01 -7.40970325e-05  3.10000000e-01  2.35191171e-05 
 3.20000000e-01  3.20058037e-01  3.20000000e-01 -5.80369854e-07  3.20000000e-01  1.85752036e-07 
 3.30000000e-01  3.22703986e-01  3.30000000e-01  7.29601388e-05  3.30000000e-01 -2.35445276e-05 
 3.40000000e-01  3.25347583e-01  3.40000000e-01  1.46524170e-04  3.40000000e-01 -4.76712845e-05 
 3.50000000e-01  3.27988859e-01  3.50000000e-01  2.20111405e-04  3.50000000e-01 -7.21940888e-05 
 3.60000000e-01  3.30627846e-01  3.60000000e-01  2.93721535e-04  3.60000000e-01 -9.71125186e-05 
 3.70000000e-01  3.33264575e-01  3.70000000e-01  3.67354254e-04  3.70000000e-01 -1.22426159e-04 
 3.80000000e-01  3.35899074e-01  3.80000000e-01  4.41009263e-04  3.80000000e-01 -1.48134603e-04 
 3.90000000e-01  3.38531373e-01  3.90000000e-01  5.14686268e-04  3.90000000e-01 -1.74237449e-04 
 4.00000000e-01  3.41161502e-01  4.00000000e-01  5.88384984e-04  4.00000000e-01 -2.00734305e-04 
 4.10000000e-01  3.43789487e-01  4.10000000e-01  6.62105126e-04  4.10000000e-01 -2.27624782e-04 
 4.20000000e-01  3.46415358e-01  4.20000000e-01  7.35846420e-04  4.20000000e-01 -2.54908501e-04 
 4.30000000e-01  3.49039141e-01  4.30000000e-01  8.09608593e-04  4.30000000e-01 -2.82585088e-04 
 4.40000000e-01  3.51660862e-01  4.40000000e-01  8.83391379e-04  4.40000000e-01 -3.10654174e-04 
 4.50000000e-01  3.54280548e-01  4.50000000e-01  9.57194517e-04  4.50000000e-01 -3.39115398e-04 
 4.60000000e-01  3.56898225e-01  4.60000000e-01  1.03101775e-03  4.60000000e-01 -3.67968405e-04 
 4.70000000e-01  3.59513917e-01  4.70000000e-01  1.10486083e-03  4.70000000e-01 -3.97212844e-04 
 4.80000000e-01  3.62127650e-01  4.80000000e-01  1.17872350e-03  4.80000000e-01 -4.26848372e-04 
 4.90000000e-01  3.64739447e-01  4.90000000e-01  1.25260553e-03  4.90000000e-01 -4.56874649e-04 
 5.00000000e-01  3.67349332e-01  5.00000000e-01  1.32650668e-03  5.00000000e-01 -4.87291342e-04 
 5.10000000e-01  3.69957330e-01  5.10000000e-01  1.40042670e-03  5.10000000e-01 -5.18098124e-04 
 5.20000000e-01  3.72563462e-01  5.20000000e-01  1.47436538e-03  5.20000000e-01 -5.49294671e-04 
 5.30000000e-01  3.75167751e-01  5.30000000e-01  1.54832249e-03  5.30000000e-01 -5.80880667e-04 
 5.40000000e-01  3.77770219e-01  5.40000000e-01  1.62229781e-03  5.40000000e-01 -6.12855798e-04 
 5.50000000e-01  3.80370889e-01  5.50000000e-01  1.69629111e-03  5.50000000e-01 -6.45219757e-04 
 5.60000000e-01  3.82969782e-01  5.60000000e-01  1.77030218e-03  5.60000000e-01 -6.77972241e-04 
 5.70000000e-01  3.85566918e-01  5.70000000e-01  1.84433082e-03  5.70000000e-01 -7.11112951e-04 
 5.80000000e-01  3.88162318e-01  5.80000000e-01  1.91837682e-03  5.80000000e-01 -7.44641594e-04 
 5.90000000e-01  3.90756002e-01  5.90000000e-01  1.99243998e-03  5.90000000e-01 -7.78557880e-04 
 6.00000000e-01  3.93347991e-01  6.00000000e-01  2.06652009e-03  6.00000000e-01 -8.12861525e-04 
 6.10000000e-01  3.95938304e-01  6.10000000e-01  2.14061696e-03  6.10000000e-01 -8.47552248e-04 
 6.20000000e-01  3.98526961e-01  6.20000000e-01  2.21473039e-03  6.20000000e-01 -8.82629772e-04 
 6.30000000e-01  4.01113979e-01  6.30000000e-01  2.28886021e-03  6.30000000e-01 -9.18093826e-04 
 6.40000000e-01  4.03699378e-01  6.40000000e-01  2.36300622e-03  6.40000000e-01 -9.53944141e-04 
 6.50000000e-01  4.06283177e-01  6.50000000e-01  2.43716823e-03  6.50000000e-01 -9.90180452e-04 
 6.60000000e-01  4.08865392e-01  6.60000000e-01  2.51134608e-03  6.60000000e-01 -1.02680250e-03 
 6.70000000e-01  4.11446042e-01  6.70000000e-01  2.58553958e-03  6.70000000e-01 -1.06381003e-03 
 6.80000000e-01  4.14025145e-01  6.80000000e-01  2.65974855e-03  6.80000000e-01 -1.10120278e-03 
 6.90000000e-01  4.16602717e-01  6.90000000e-01  2.73397283e-03  6.90000000e-01 -1.13898051e-03 
 7.00000000e-01  4.19178775e-01  7.00000000e-01  2.80821225e-03  7.00000000e-01 -1.17714297e-03 
 7.10000000e-01  4.21753336e-01  7.10000000e-01  2.88246664e-03  7.10000000e-01 -1.21568992e-03 
 7.20000000e-01  4.24326416e-01  7.20000000e-01  2.95673584e-03  7.20000000e-01 -1.25462112e-03 
 7.30000000e-01  4.26898031e-01  7.30000000e-01  3.03101969e-03  7.30000000e-01 -1.29393634e-03 
 7.40000000e-01  4.29468196e-01  7.40000000e-01  3.10531804e-03  7.40000000e-01 -1.33363534e-03 
 7.50000000e-01  4.32036929e-01  7.50000000e-01  3.17963071e-03  7.50000000e-01 -1.37371789e-03 
 7.60000000e-01  4.34604243e-01  7.60000000e-01  3.25395757e-03  7.60000000e-01 -1.41418377e-03 
 7.70000000e-01  4.37170153e-01  7.70000000e-01  3.32829847e-03  7.70000000e-01 -1.45503275e-03 
 7.80000000e-01  4.39734676e-01  7.80000000e-01  3.40265324e-03  7.80000000e-01 -1.49626462e-03 
 7.90000000e-01  4.42297824e-01  7.90000000e-01  3.47702176e-03  7.90000000e-01 -1.53787916e-03 
 8.00000000e-01  4.44859614e-01  8.00000000e-01  3.55140386e-03  8.00000000e-01 -1.57987615e-03 
 8.10000000e-01  4.47420057e-01  8.10000000e-01  3.62579943e-03  8.10000000e-01 -1.62225539e-03 
 8.20000000e-01  4.49979170e-01  8.20000000e-01  3.70020830e-03  8.20000000e-01 -1.66501666e-03 
 8.30000000e-01  4.52536964e-01  8.30000000e-01  3.77463036e-03  8.30000000e-01 -1.70815976e-03 
 8.40000000e-01  4.55093455e-01  8.40000000e-01  3.84906545e-03  8.40000000e-01 -1.75168449e-03 
 8.50000000e-01  4.57648654e-01  8.50000000e-01  3.92351346e-03  8.50000000e-01 -1.79559065e-03 
 8.60000000e-01  4.60202576e-01  8.60000000e-01  3.99797424e-03  8.60000000e-01 -1.83987804e-03 
 8.70000000e-01  4.62755233e-01  8.70000000e-01  4.07244767e-03  8.70000000e-01 -1.88454647e-03 
 8.80000000e-01  4.65306638e-01  8.80000000e-01  4.14693362e-03  8.80000000e-01 -1.92959574e-03 
 8.90000000e-01  4.67856803e-01  8.90000000e-01  4.22143197e-03  8.90000000e-01 -1.97502567e-03 
 9.00000000e-01  4.70405740e-01  9.00000000e-01  4.29594260e-03  9.00000000e-01 -2.02083606e-03 
 9.10000000e-01  4.72953463e-01  9.10000000e-01  4.37046537e-03  9.10000000e-01 -2.06702673e-03 
 9.20000000e-01  4.75499982e-01  9.20000000e-01  4.44500018e-03  9.20000000e-01 -2.11359751e-03 
 9.30000000e-01  4.78045310e-01  9.30000000e-01  4.51954690e-03  9.30000000e-01 -2.16054820e-03 
 9.40000000e-01  4.80589458e-01  9.40000000e-01  4.59410542e-03  9.40000000e-01 -2.20787863e-03 
 9.50000000e-01  4.83132438e-01  9.50000000e-01  4.66867562e-03  9.50000000e-01 -2.25558863e-03 
 9.60000000e-01  4.85674261e-01  9.60000000e-01  4.74325739e-03  9.60000000e-01 -2.30367803e-03 
 9.70000000e-01  4.88214938e-01  9.70000000e-01  4.81785062e-03  9.70000000e-01 -2.35214664e-03 
 9.80000000e-01  4.90754480e-01  9.80000000e-01  4.89245520e-03  9.80000000e-01 -2.40099431e-03 
 9.90000000e-01  4.93292898e-01  9.90000000e-01  4.96707102e-03  9.90000000e-01 -2.45022086e-03 
 1.00000000e+00  4.95830202e-01  1.00000000e+00  5.04169798e-03  1.00000000e+00 -2.49982613e-03 
 1.01000000e+00  4.98366404e-01  1.01000000e+00  5.11633596e-03  1.01000000e+00 -2.54980995e-03 
 1.02000000e+00  5.00901513e-01  1.02000000e+00  5.19098487e-03  1.02000000e+00 -2.60017218e-03 
 1.03000000e+00  5.03435540e-01  1.03000000e+00  5.26564460e-03  1.03000000e+00 -2.65091263e-03 
 1.04000000e+00  5.05968495e-01  1.04000000e+00  5.34031505e-03  1.04000000e+00 -2.70203117e-03 
 1.05000000e+00  5.08500387e-01  1.05000000e+00  5.41499613e-03  1.05000000e+00 -2.75352763e-03 
 1.06000000e+00  5.11031227e-01  1.06000000e+00  5.48968773e-03  1.06000000e+00 -2.80540186e-03 
 1.07000000e+00  5.13561025e-01  1.07000000e+00  5.56438975e-03  1.07000000e+00 -2.85765370e-03 
 1.08000000e+00  5.16089789e-01  1.08000000e+00  5.63910211e-03  1.08000000e+00 -2.91028302e-03 
 1.09000000e+00  5.18617530e-01  1.09000000e+00  5.71382470e-03  1.09000000e+00 -2.96328965e-03 
 1.10000000e+00  5.21144256e-01  1.10000000e+00  5.78855744e-03  1.10000000e+00 -3.01667346e-03 
 1.11000000e+00  5.23669976e-01  1.11000000e+00  5.86330024e-03  1.11000000e+00 -3.07043430e-03 
 1.12000000e+00  5.26194701e-01  1.12000000e+00  5.93805299e-03  1.12000000e+00 -3.12457202e-03 
 1.13000000e+00  5.28718438e-01  1.13000000e+00  6.01281562e-03  1.13000000e+00 -3.17908648e-03 
 1.14000000e+00  5.31241197e-01  1.14000000e+00  6.08758803e-03  1.14000000e+00 -3.23397755e-03 
 1.15000000e+00  5.33762985e-01  1.15000000e+00  6.16237015e-03  1.15000000e+00 -3.28924509e-03 
 1.16000000e+00  5.36283813e-01  1.16000000e+00  6.23716187e-03  1.16000000e+00 -3.34488895e-03 
 1.17000000e+00  5.38803688e-01  1.17000000e+00  6.31196312e-03  1.17000000e+00 -3.40090901e-03 
 1.18000000e+00  5.41322618e-01  1.18000000e+00  6.38677382e-03  1.18000000e+00 -3.45730512e-03 
 1.19000000e+00  5.43840612e-01  1.19000000e+00  6.46159388e-03  1.19000000e+00 -3.51407717e-03 
 1.20000000e+00  5.46357678e-01  1.20000000e+00  6.53642322e-03  1.20000000e+00 -3.57122501e-03 
 1.21000000e+00  5.48873824e-01  1.21000000e+00  6.61126176e-03  1.21000000e+00 -3.62874852e-03 
 1.22000000e+00  5.51389058e-01  1.22000000e+00  6.68610942e-03  1.22000000e+00 -3.68664758e-03 
 1.23000000e+00  5.53903388e-01  1.23000000e+00  6.76096612e-03  1.23000000e+00 -3.74492204e-03 
 1.24000000e+00  5.56416821e-01  1.24000000e+00  6.83583179e-03  1.24000000e+00 -3.80357179e-03 
 1.25000000e+00  5.58929366e-01  1.25000000e+00  6.91070634e-03  1.25000000e+00 -3.86259671e-03 
 1.26000000e+00  5.61441029e-01  1.26000000e+00  6.98558971e-03  1.26000000e+00 -3.92199667e-03 
 1.27000000e+00  5.63951818e-01  1.27000000e+00  7.06048182e-03  1.27000000e+00 -3.98177156e-03 
 1.28000000e+00  5.66461741e-01  1.28000000e+00  7.13538259e-03  1.28000000e+00 -4.04192124e-03 
 1.29000000e+00  5.68970804e-01  1.29000000e+00  7.21029196e-03  1.29000000e+00 -4.10244561e-03 
 1.30000000e+00  5.71479015e-01  1.30000000e+00  7.28520985e-03  1.30000000e+00 -4.16334455e-03 
 1.31000000e+00  5.73986381e-01  1.31000000e+00  7.36013619e-03  1.31000000e+00 -4.22461794e-03 
 1.32000000e+00  5.76492909e-01  1.32000000e+00  7.43507091e-03  1.32000000e+00 -4.28626566e-03 
 1.33000000e+00  5.78998606e-01  1.33000000e+00  7.51001394e-03  1.33000000e+00 -4.34828760e-03 
 1.34000000e+00  5.81503479e-01  1.34000000e+00  7.58496521e-03  1.34000000e+00 -4.41068366e-03 
 1.35000000e+00  5.84007534e-01  1.35000000e+00  7.65992466e-03  1.35000000e+00 -4.47345371e-03 
 1.36000000e+00  5.86510778e-01  1.36000000e+00  7.73489222e-03  1.36000000e+00 -4.53659765e-03 
 1.37000000e+00  5.89013218e-01  1.37000000e+00  7.80986782e-03  1.37000000e+00 -4.60011538e-03 
 1.38000000e+00  5.91514860e-01  1.38000000e+00  7.88485140e-03  1.38000000e+00 -4.66400677e-03 
 1.39000000e+00  5.94015711e-01  1.39000000e+00  7.95984289e-03  1.39000000e+00 -4.72827173e-03 
 1.40000000e+00  5.96515776e-01  1.40000000e+00  8.03484224e-03  1.40000000e+00 -4.79291015e-03 
 1.41000000e+00  5.99015063e-01  1.41000000e+00  8.10984937e-03  1.41000000e+00 -4.85792193e-03 
 1.42000000e+00  6.01513577e-01  1.42000000e+00  8.18486423e-03  1.42000000e+00 -4.92330696e-03 
 1.43000000e+00  6.04011324e-01  1.43000000e+00  8.25988676e-03  1.43000000e+00 -4.98906514e-03 
 1.44000000e+00  6.06508312e-01  1.44000000e+00  8.33491688e-03  1.44000000e+00 -5.05519637e-03 
 1.45000000e+00  6.09004544e-01  1.45000000e+00  8.40995456e-03  1.45000000e+00 -5.12170054e-03 
 1.46000000e+00  6.11500029e-01  1.46000000e+00  8.48499971e-03  1.46000000e+00 -5.18857757e-03 
 1.47000000e+00  6.13994770e-01  1.47000000e+00  8.56005230e-03  1.47000000e+00 -5.25582734e-03 
 1.48000000e+00  6.16488775e-01  1.48000000e+00  8.63511225e-03  1.48000000e+00 -5.32344977e-03 
 1.49000000e+00  6.18982048e-01  1.49000000e+00  8.71017952e-03  1.49000000e+00 -5.39144476e-03 
 1.50000000e+00  6.21474596e-01  1.50000000e+00  8.78525404e-03  1.50000000e+00 -5.45981220e-03 
 1.51000000e+00  6.23966423e-01  1.51000000e+00  8.86033577e-03  1.51000000e+00 -5.52855202e-03 
 1.52000000e+00  6.26457537e-01  1.52000000e+00  8.93542463e-03  1.52000000e+00 -5.59766411e-03 
 1.53000000e+00  6.28947941e-01  1.53000000e+00  9.01052059e-03  1.53000000e+00 -5.66714837e-03 
 1.54000000e+00  6.31437642e-01  1.54000000e+00  9.08562358e-03  1.54000000e+00 -5.73700473e-03 
 1.55000000e+00  6.33926644e-01  1.55000000e+00  9.16073356e-03  1.55000000e+00 -5.80723308e-03 
 1.56000000e+00  6.36414953e-01  1.56000000e+00  9.23585047e-03  1.56000000e+00 -5.87783334e-03 
 1.57000000e+00  6.38902575e-01  1.57000000e+00  9.31097425e-03  1.57000000e+00 -5.94880542e-03 
 1.58000000e+00  6.41389513e-01  1.58000000e+00  9.38610487e-03  1.58000000e+00 -6.02014923e-03 
 1.59000000e+00  6.43875775e-01  1.59000000e+00  9.46124225e-03  1.59000000e+00 -6.09186468e-03 
 1.60000000e+00  6.46361363e-01  1.60000000e+00  9.53638637e-03  1.60000000e+00 -6.16395169e-03 
 1.61000000e+00  6.48846284e-01  1.61000000e+00  9.61153716e-03  1.61000000e+00 -6.23641017e-03 
 1.62000000e+00  6.51330543e-01  1.62000000e+00  9.68669457e-03  1.62000000e+00 -6.30924003e-03 
 1.63000000e+00  6.53814143e-01  1.63000000e+00  9.76185857e-03  1.63000000e+00 -6.38244120e-03 
 1.64000000e+00  6.56297091e-01  1.64000000e+00  9.83702909e-03  1.64000000e+00 -6.45601358e-03 
 1.65000000e+00  6.58779391e-01  1.65000000e+00  9.91220609e-03  1.65000000e+00 -6.52995709e-03 
 1.66000000e+00  6.61261047e-01  1.66000000e+00  9.98738953e-03  1.66000000e+00 -6.60427166e-03 
 1.67000000e+00  6.63742064e-01  1.67000000e+00  1.00625794e-02  1.67000000e+00 -6.67895719e-03 
 1.68000000e+00  6.66222447e-01  1.68000000e+00  1.01377755e-02  1.68000000e+00 -6.75401362e-03 
 1.69000000e+00  6.68702201e-01  1.69000000e+00  1.02129780e-02  1.69000000e+00 -6.82944086e-03 
 1.70000000e+00  6.71181330e-01  1.70000000e+00  1.02881867e-02  1.70000000e+00 -6.90523883e-03 
 1.71000000e+00  6.73659838e-01  1.71000000e+00  1.03634016e-02  1.71000000e+00 -6.98140745e-03 
 1.72000000e+00  6.76137729e-01  1.72000000e+00  1.04386227e-02  1.72000000e+00 -7.05794665e-03 
 1.73000000e+00  6.78615009e-01  1.73000000e+00  1.05138499e-02  1.73000000e+00 -7.13485635e-03 
 1.74000000e+00  6.81091682e-01  1.74000000e+00  1.05890832e-02  1.74000000e+00 -7.21213647e-03 
 1.75000000e+00  6.83567751e-01  1.75000000e+00  1.06643225e-02  1.75000000e+00 -7.28978694e-03 
 1.76000000e+00  6.86043221e-01  1.76000000e+00  1.07395678e-02  1.76000000e+00 -7.36780768e-03 
 1.77000000e+00  6.88518097e-01  1.77000000e+00  1.08148190e-02  1.77000000e+00 -7.44619862e-03 
 1.78000000e+00  6.90992382e-01  1.78000000e+00  1.08900762e-02  1.78000000e+00 -7.52495968e-03 
 1.79000000e+00  6.93466080e-01  1.79000000e+00  1.09653392e-02  1.79000000e+00 -7.60409079e-03 
 1.80000000e+00  6.95939196e-01  1.80000000e+00  1.10406080e-02  1.80000000e+00 -7.68359188e-03 
 1.81000000e+00  6.98411734e-01  1.81000000e+00  1.11158827e-02  1.81000000e+00 -7.76346288e-03 
 1.82000000e+00  7.00883697e-01  1.82000000e+00  1.11911630e-02  1.82000000e+00 -7.84370372e-03 
 1.83000000e+00  7.03355090e-01  1.83000000e+00  1.12664491e-02  1.83000000e+00 -7.92431432e-03 
 1.84000000e+00  7.05825916e-01  1.84000000e+00  1.13417408e-02  1.84000000e+00 -8.00529462e-03 
 1.85000000e+00  7.08296179e-01  1.85000000e+00  1.14170382e-02  1.85000000e+00 -8.08664454e-03 
 1.86000000e+00  7.10765884e-01  1.86000000e+00  1.14923412e-02  1.86000000e+00 -8.16836402e-03 
 1.87000000e+00  7.13235033e-01  1.87000000e+00  1.15676497e-02  1.87000000e+00 -8.25045300e-03 
 1.88000000e+00  7.15703631e-01  1.88000000e+00  1.16429637e-02  1.88000000e+00 -8.33291139e-03 
 1.89000000e+00  7.18171682e-01  1.89000000e+00  1.17182832e-02  1.89000000e+00 -8.41573914e-03 
 1.90000000e+00  7.20639188e-01  1.90000000e+00  1.17936081e-02  1.90000000e+00 -8.49893618e-03 
 1.91000000e+00  7.23106154e-01  1.91000000e+00  1.18689385e-02  1.91000000e+00 -8.58250244e-03 
 1.92000000e+00  7.25572584e-01  1.92000000e+00  1.19442742e-02  1.92000000e+00 -8.66643787e-03 
 1.93000000e+00  7.28038480e-01  1.93000000e+00  1.20196152e-02  1.93000000e+00 -8.75074238e-03 
 1.94000000e+00  7.30503847e-01  1.94000000e+00  1.20949615e-02  1.94000000e+00 -8.83541593e-03 
 1.95000000e+00  7.32968687e-01  1.95000000e+00  1.21703131e-02  1.95000000e+00 -8.92045844e-03 
 1.96000000e+00  7.35433005e-01  1.96000000e+00  1.22456700e-02  1.96000000e+00 -9.00586985e-03 
 1.97000000e+00  7.37896803e-01  1.97000000e+00  1.23210320e-02  1.97000000e+00 -9.09165010e-03 
 1.98000000e+00  7.40360086e-01  1.98000000e+00  1.23963991e-02  1.98000000e+00 -9.17779913e-03 
 1.99000000e+00  7.42822856e-01  1.99000000e+00  1.24717714e-02  1.99000000e+00 -9.26431688e-03 
 2.00000000e+00  7.45285117e-01  2.00000000e+00  1.25471488e-02  2.00000000e+00 -9.35120328e-03 
