-2.00000000e+00 -9.84965451e-01 -2.00000000e+00 -1.01503455e-02 -2.00000000e+00 -9.99773962e-03 
-1.99000000e+00 -9.75160429e-01 -1.99000000e+00 -1.01483957e-02 -1.99000000e+00 -9.89631391e-03 
-1.98000000e+00 -9.65355413e-01 -1.98000000e+00 -1.01464459e-02 -1.98000000e+00 -9.79492644e-03 
-1.97000000e+00 -9.55550398e-01 -1.97000000e+00 -1.01444960e-02 -1.97000000e+00 -9.69357721e-03 
-1.96000000e+00 -9.45745386e-01 -1.96000000e+00 -1.01425461e-02 -1.96000000e+00 -9.59226621e-03 
-1.95000000e+00 -9.35940378e-01 -1.95000000e+00 -1.01405962e-02 -1.95000000e+00 -9.49099346e-03 
-1.94000000e+00 -9.26135374e-01 -1.94000000e+00 -1.01386463e-02 -1.94000000e+00 -9.38975895e-03 
-1.93000000e+00 -9.16330374e-01 -1.93000000e+00 -1.01366963e-02 -1.93000000e+00 -9.28856268e-03 
-1.92000000e+00 -9.06525379e-01 -1.92000000e+00 -1.01347462e-02 -1.92000000e+00 -9.18740465e-03 
-1.91000000e+00 -8.96720388e-01 -1.91000000e+00 -1.01327961e-02 -1.91000000e+00 -9.08628487e-03 
-1.90000000e+00 -8.86915402e-01 -1.90000000e+00 -1.01308460e-02 -1.90000000e+00 -8.98520334e-03 
-1.89000000e+00 -8.77110423e-01 -1.89000000e+00 -1.01288958e-02 -1.89000000e+00 -8.88416005e-03 
-1.88000000e+00 -8.67305449e-01 -1.88000000e+00 -1.01269455e-02 -1.88000000e+00 -8.78315502e-03 
-1.87000000e+00 -8.57500483e-01 -1.87000000e+00 -1.01249952e-02 -1.87000000e+00 -8.68218825e-03 
-1.86000000e+00 -8.47695523e-01 -1.86000000e+00 -1.01230448e-02 -1.86000000e+00 -8.58125973e-03 
-1.85000000e+00 -8.37890572e-01 -1.85000000e+00 -1.01210943e-02 -1.85000000e+00 -8.48036948e-03 
-1.84000000e+00 -8.28085630e-01 -1.84000000e+00 -1.01191437e-02 -1.84000000e+00 -8.37951749e-03 
-1.83000000e+00 -8.18280697e-01 -1.83000000e+00 -1.01171930e-02 -1.83000000e+00 -8.27870376e-03 
-1.82000000e+00 -8.08475775e-01 -1.82000000e+00 -1.01152422e-02 -1.82000000e+00 -8.17792832e-03 
-1.81000000e+00 -7.98670865e-01 -1.81000000e+00 -1.01132913e-02 -1.81000000e+00 -8.07719115e-03 
-1.80000000e+00 -7.88865968e-01 -1.80000000e+00 -1.01113403e-02 -1.80000000e+00 -7.97649227e-03 
-1.79000000e+00 -7.79061085e-01 -1.79000000e+00 -1.01093892e-02 -1.79000000e+00 -7.87583168e-03 
-1.78000000e+00 -7.69256218e-01 -1.78000000e+00 -1.01074378e-02 -1.78000000e+00 -7.77520939e-03 
-1.77000000e+00 -7.59451368e-01 -1.77000000e+00 -1.01054863e-02 -1.77000000e+00 -7.67462541e-03 
-1.76000000e+00 -7.49646538e-01 -1.76000000e+00 -1.01035346e-02 -1.76000000e+00 -7.57407975e-03 
-1.75000000e+00 -7.39841730e-01 -1.75000000e+00 -1.01015827e-02 -1.75000000e+00 -7.47357242e-03 
-1.74000000e+00 -7.30036946e-01 -1.74000000e+00 -1.00996305e-02 -1.74000000e+00 -7.37310343e-03 
-1.73000000e+00 -7.20232189e-01 -1.73000000e+00 -1.00976781e-02 -1.73000000e+00 -7.27267281e-03 
-1.72000000e+00 -7.10427462e-01 -1.72000000e+00 -1.00957254e-02 -1.72000000e+00 -7.17228056e-03 
-1.71000000e+00 -7.00622770e-01 -1.71000000e+00 -1.00937723e-02 -1.71000000e+00 -7.07192671e-03 
-1.70000000e+00 -6.90818117e-01 -1.70000000e+00 -1.00918188e-02 -1.70000000e+00 -6.97161128e-03 
-1.69000000e+00 -6.81013508e-01 -1.69000000e+00 -1.00898649e-02 -1.69000000e+00 -6.87133430e-03 
-1.68000000e+00 -6.71208948e-01 -1.68000000e+00 -1.00879105e-02 -1.68000000e+00 -6.77109581e-03 
-1.67000000e+00 -6.61404445e-01 -1.67000000e+00 -1.00859556e-02 -1.67000000e+00 -6.67089583e-03 
-1.66000000e+00 -6.51600007e-01 -1.66000000e+00 -1.00839999e-02 -1.66000000e+00 -6.57073442e-03 
-1.65000000e+00 -6.41795643e-01 -1.65000000e+00 -1.00820436e-02 -1.65000000e+00 -6.47061164e-03 
-1.64000000e+00 -6.31991366e-01 -1.64000000e+00 -1.00800863e-02 -1.64000000e+00 -6.37052753e-03 
-1.63000000e+00 -6.22187187e-01 -1.63000000e+00 -1.00781281e-02 -1.63000000e+00 -6.27048219e-03 
-1.62000000e+00 -6.12383124e-01 -1.62000000e+00 -1.00761688e-02 -1.62000000e+00 -6.17047570e-03 
-1.61000000e+00 -6.02579196e-01 -1.61000000e+00 -1.00742080e-02 -1.61000000e+00 -6.07050818e-03 
-1.60000000e+00 -5.92775425e-01 -1.60000000e+00 -1.00722457e-02 -1.60000000e+00 -5.97057976e-03 
-1.59000000e+00 -5.82971841e-01 -1.59000000e+00 -1.00702816e-02 -1.59000000e+00 -5.87069060e-03 
-1.58000000e+00 -5.73168478e-01 -1.58000000e+00 -1.00683152e-02 -1.58000000e+00 -5.77084091e-03 
-1.57000000e+00 -5.63365379e-01 -1.57000000e+00 -1.00663462e-02 -1.57000000e+00 -5.67103095e-03 
-1.56000000e+00 -5.53562597e-01 -1.56000000e+00 -1.00643740e-02 -1.56000000e+00 -5.57126102e-03 
-1.55000000e+00 -5.43760197e-01 -1.55000000e+00 -1.00623980e-02 -1.55000000e+00 -5.47153154e-03 
-1.54000000e+00 -5.33958265e-01 -1.54000000e+00 -1.00604174e-02 -1.54000000e+00 -5.37184299e-03 
-1.53000000e+00 -5.24156906e-01 -1.53000000e+00 -1.00584309e-02 -1.53000000e+00 -5.27219604e-03 
-1.52000000e+00 -5.14356257e-01 -1.52000000e+00 -1.00564374e-02 -1.52000000e+00 -5.17259152e-03 
-1.51000000e+00 -5.04556497e-01 -1.51000000e+00 -1.00544350e-02 -1.51000000e+00 -5.07303052e-03 
-1.50000000e+00 -4.94757862e-01 -1.50000000e+00 -1.00524214e-02 -1.50000000e+00 -4.97351451e-03 
-1.49000000e+00 -4.84960663e-01 -1.49000000e+00 -1.00503934e-02 -1.49000000e+00 -4.87404543e-03 
-1.48000000e+00 -4.75165327e-01 -1.48000000e+00 -1.00483467e-02 -1.48000000e+00 -4.77462596e-03 
-1.47000000e+00 -4.65372303e-01 -1.47000000e+00 -1.00462770e-02 -1.47000000e+00 -4.67525905e-03 
-1.46000000e+00 -4.55581601e-01 -1.46000000e+00 -1.00441840e-02 -1.46000000e+00 -4.57594542e-03 
-1.45000000e+00 -4.45793587e-01 -1.45000000e+00 -1.00420641e-02 -1.45000000e+00 -4.47668779e-03 
-1.44000000e+00 -4.36008765e-01 -1.44000000e+00 -1.00399124e-02 -1.44000000e+00 -4.37748978e-03 
-1.43000000e+00 -4.26227725e-01 -1.43000000e+00 -1.00377227e-02 -1.43000000e+00 -4.27835573e-03 
-1.42000000e+00 -4.16451171e-01 -1.42000000e+00 -1.00354883e-02 -1.42000000e+00 -4.17929085e-03 
-1.41000000e+00 -4.06679930e-01 -1.41000000e+00 -1.00332007e-02 -1.41000000e+00 -4.08030136e-03 
-1.40000000e+00 -3.96914984e-01 -1.40000000e+00 -1.00308502e-02 -1.40000000e+00 -3.98139473e-03 
-1.39000000e+00 -3.87157489e-01 -1.39000000e+00 -1.00284251e-02 -1.39000000e+00 -3.88257988e-03 
-1.38000000e+00 -3.77408806e-01 -1.38000000e+00 -1.00259119e-02 -1.38000000e+00 -3.78386745e-03 
-1.37000000e+00 -3.67670539e-01 -1.37000000e+00 -1.00232946e-02 -1.37000000e+00 -3.68527013e-03 
-1.36000000e+00 -3.57944572e-01 -1.36000000e+00 -1.00205543e-02 -1.36000000e+00 -3.58680301e-03 
-1.35000000e+00 -3.48233112e-01 -1.35000000e+00 -1.00176689e-02 -1.35000000e+00 -3.48848401e-03 
-1.34000000e+00 -3.38538740e-01 -1.34000000e+00 -1.00146126e-02 -1.34000000e+00 -3.39033433e-03 
-1.33000000e+00 -3.28864465e-01 -1.33000000e+00 -1.00113554e-02 -1.33000000e+00 -3.29237902e-03 
-1.32000000e+00 -3.19213784e-01 -1.32000000e+00 -1.00078622e-02 -1.32000000e+00 -3.19464755e-03 
-1.31000000e+00 -3.09590742e-01 -1.31000000e+00 -1.00040926e-02 -1.31000000e+00 -3.09717444e-03 
-1.30000000e+00 -3.00000000e-01 -1.30000000e+00 -1.00000000e-02 -1.30000000e+00 -3.00000000e-03 
-1.29000000e+00 -2.90446894e-01 -1.29000000e+00 -9.99553106e-03 -1.29000000e+00 -2.90317095e-03 
-1.28000000e+00 -2.80937501e-01 -1.28000000e+00 -9.99062499e-03 -1.28000000e+00 -2.80674122e-03 
-1.27000000e+00 -2.71478680e-01 -1.27000000e+00 -9.98521320e-03 -1.27000000e+00 -2.71077250e-03 
-1.26000000e+00 -2.62078117e-01 -1.26000000e+00 -9.97921883e-03 -1.26000000e+00 -2.61533488e-03 
-1.25000000e+00 -2.52744330e-01 -1.25000000e+00 -9.97255670e-03 -1.25000000e+00 -2.52050716e-03 
-1.24000000e+00 -2.43486655e-01 -1.24000000e+00 -9.96513345e-03 -1.24000000e+00 -2.42637701e-03 
-1.23000000e+00 -2.34315190e-01 -1.23000000e+00 -9.95684810e-03 -1.23000000e+00 -2.33304075e-03 
-1.22000000e+00 -2.25240690e-01 -1.22000000e+00 -9.94759310e-03 -1.22000000e+00 -2.24060274e-03 
-1.21000000e+00 -2.16274417e-01 -1.21000000e+00 -9.93725583e-03 -1.21000000e+00 -2.14917421e-03 
-1.20000000e+00 -2.07427932e-01 -1.20000000e+00 -9.92572068e-03 -1.20000000e+00 -2.05887172e-03 
-1.19000000e+00 -1.98712840e-01 -1.19000000e+00 -9.91287160e-03 -1.19000000e+00 -1.96981487e-03 
-1.18000000e+00 -1.90140496e-01 -1.18000000e+00 -9.89859504e-03 -1.18000000e+00 -1.88212377e-03 
-1.17000000e+00 -1.81721685e-01 -1.17000000e+00 -9.88278315e-03 -1.17000000e+00 -1.79591601e-03 
-1.16000000e+00 -1.73466301e-01 -1.16000000e+00 -9.86533699e-03 -1.16000000e+00 -1.71130351e-03 
-1.15000000e+00 -1.65383043e-01 -1.15000000e+00 -9.84616957e-03 -1.15000000e+00 -1.62838949e-03 
-1.14000000e+00 -1.57479163e-01 -1.14000000e+00 -9.82520837e-03 -1.14000000e+00 -1.54726559e-03 
-1.13000000e+00 -1.49760266e-01 -1.13000000e+00 -9.80239734e-03 -1.13000000e+00 -1.46800963e-03 
-1.12000000e+00 -1.42230201e-01 -1.12000000e+00 -9.77769799e-03 -1.12000000e+00 -1.39068395e-03 
-1.11000000e+00 -1.34891023e-01 -1.11000000e+00 -9.75108977e-03 -1.11000000e+00 -1.31533448e-03 
-1.10000000e+00 -1.27743043e-01 -1.10000000e+00 -9.72256957e-03 -1.10000000e+00 -1.24199062e-03 
-1.09000000e+00 -1.20784939e-01 -1.09000000e+00 -9.69215061e-03 -1.09000000e+00 -1.17066582e-03 
-1.08000000e+00 -1.14013929e-01 -1.08000000e+00 -9.65986071e-03 -1.08000000e+00 -1.10135867e-03 
-1.07000000e+00 -1.07425970e-01 -1.07000000e+00 -9.62574030e-03 -1.07000000e+00 -1.03405449e-03 
-1.06000000e+00 -1.01015981e-01 -1.06000000e+00 -9.58984019e-03 -1.06000000e+00 -9.68727112e-04 
-1.05000000e+00 -9.47780654e-02 -1.05000000e+00 -9.55221935e-03 -1.05000000e+00 -9.05340870e-04 
-1.04000000e+00 -8.87057248e-02 -1.04000000e+00 -9.51294275e-03 -1.04000000e+00 -8.43852481e-04 
-1.03000000e+00 -8.27920510e-02 -1.03000000e+00 -9.47207949e-03 -1.03000000e+00 -7.84212888e-04 
-1.02000000e+00 -7.70298976e-02 -1.02000000e+00 -9.42970102e-03 -1.02000000e+00 -7.26368905e-04 
-1.01000000e+00 -7.14120233e-02 -1.01000000e+00 -9.38587977e-03 -1.01000000e+00 -6.70264665e-04 
-1.00000000e+00 -6.59312099e-02 -1.00000000e+00 -9.34068790e-03 -1.00000000e+00 -6.15842855e-04 
-9.90000000e-01 -6.05803556e-02 -9.90000000e-01 -9.29419644e-03 -9.90000000e-01 -5.63045726e-04 
-9.80000000e-01 -5.53525462e-02 -9.80000000e-01 -9.24647454e-03 -9.80000000e-01 -5.11815909e-04 
-9.70000000e-01 -5.02411072e-02 -9.70000000e-01 -9.19758893e-03 -9.70000000e-01 -4.62097051e-04 
-9.60000000e-01 -4.52396400e-02 -9.60000000e-01 -9.14760360e-03 -9.60000000e-01 -4.13834294e-04 
-9.50000000e-01 -4.03420448e-02 -9.50000000e-01 -9.09657955e-03 -9.50000000e-01 -3.66974620e-04 
-9.40000000e-01 -3.55425325e-02 -9.40000000e-01 -9.04457468e-03 -9.40000000e-01 -3.21467089e-04 
-9.30000000e-01 -3.08356294e-02 -9.30000000e-01 -8.99164371e-03 -9.30000000e-01 -2.77262993e-04 
-9.20000000e-01 -2.62161749e-02 -9.20000000e-01 -8.93783825e-03 -9.20000000e-01 -2.34315931e-04 
-9.10000000e-01 -2.16793147e-02 -9.10000000e-01 -8.88320685e-03 -9.10000000e-01 -1.92581837e-04 
-9.00000000e-01 -1.72204908e-02 -9.00000000e-01 -8.82779509e-03 -9.00000000e-01 -1.52018964e-04 
-8.90000000e-01 -1.28354293e-02 -8.90000000e-01 -8.77164571e-03 -8.90000000e-01 -1.12587838e-04 
-8.80000000e-01 -8.52012649e-03 -8.80000000e-01 -8.71479874e-03 -8.80000000e-01 -7.42511875e-05 
-8.70000000e-01 -4.27083467e-03 -8.70000000e-01 -8.65729165e-03 -8.70000000e-01 -3.69738614e-05 
-8.60000000e-01 -8.40471062e-05 -8.60000000e-01 -8.59915953e-03 -8.60000000e-01 -7.22734474e-07 
-8.50000000e-01  4.04351665e-03 -8.50000000e-01 -8.54043517e-03 -8.50000000e-01  3.45333918e-05 
-8.40000000e-01  8.11492521e-03 -8.40000000e-01 -8.48114925e-03 -8.40000000e-01  6.88238919e-05 
-8.30000000e-01  1.21330493e-02 -8.30000000e-01 -8.42133049e-03 -8.30000000e-01  1.02176418e-04 
-8.20000000e-01  1.61005752e-02 -8.20000000e-01 -8.36100575e-03 -8.20000000e-01  1.34617002e-04 
-8.10000000e-01  2.00200173e-02 -8.10000000e-01 -8.30020017e-03 -8.10000000e-01  1.66170151e-04 
-8.00000000e-01  2.38937302e-02 -8.00000000e-01 -8.23893730e-03 -8.00000000e-01  1.96858945e-04 
-7.90000000e-01  2.77239200e-02 -7.90000000e-01 -8.17723920e-03 -7.90000000e-01  2.26705125e-04 
-7.80000000e-01  3.15126545e-02 -7.80000000e-01 -8.11512654e-03 -7.80000000e-01  2.55729179e-04 
-7.70000000e-01  3.52618733e-02 -7.70000000e-01 -8.05261873e-03 -7.70000000e-01  2.83950422e-04 
-7.60000000e-01  3.89733970e-02 -7.60000000e-01 -7.98973397e-03 -7.60000000e-01  3.11387074e-04 
-7.50000000e-01  4.26489353e-02 -7.50000000e-01 -7.92648935e-03 -7.50000000e-01  3.38056331e-04 
-7.40000000e-01  4.62900950e-02 -7.40000000e-01 -7.86290095e-03 -7.40000000e-01  3.63974432e-04 
-7.30000000e-01  4.98983874e-02 -7.30000000e-01 -7.79898387e-03 -7.30000000e-01  3.89156719e-04 
-7.20000000e-01  5.34752349e-02 -7.20000000e-01 -7.73475235e-03 -7.20000000e-01  4.13617699e-04 
-7.10000000e-01  5.70219771e-02 -7.10000000e-01 -7.67021977e-03 -7.10000000e-01  4.37371096e-04 
-7.00000000e-01  6.05398768e-02 -7.00000000e-01 -7.60539877e-03 -7.00000000e-01  4.60429905e-04 
-6.90000000e-01  6.40301250e-02 -6.90000000e-01 -7.54030125e-03 -6.90000000e-01  4.82806432e-04 
-6.80000000e-01  6.74938460e-02 -6.80000000e-01 -7.47493846e-03 -6.80000000e-01  5.04512345e-04 
-6.70000000e-01  7.09321018e-02 -6.70000000e-01 -7.40932102e-03 -6.70000000e-01  5.25558713e-04 
-6.60000000e-01  7.43458966e-02 -6.60000000e-01 -7.34345897e-03 -6.60000000e-01  5.45956041e-04 
-6.50000000e-01  7.77361800e-02 -6.50000000e-01 -7.27736180e-03 -6.50000000e-01  5.65714307e-04 
-6.40000000e-01  8.11038513e-02 -6.40000000e-01 -7.21103851e-03 -6.40000000e-01  5.84842995e-04 
-6.30000000e-01  8.44497624e-02 -6.30000000e-01 -7.14449762e-03 -6.30000000e-01  6.03351127e-04 
-6.20000000e-01  8.77747210e-02 -6.20000000e-01 -7.07774721e-03 -6.20000000e-01  6.21247287e-04 
-6.10000000e-01  9.10794932e-02 -6.10000000e-01 -7.01079493e-03 -6.10000000e-01  6.38539649e-04 
-6.00000000e-01  9.43648064e-02 -6.00000000e-01 -6.94364806e-03 -6.00000000e-01  6.55236005e-04 
-5.90000000e-01  9.76313517e-02 -5.90000000e-01 -6.87631352e-03 -5.90000000e-01  6.71343784e-04 
-5.80000000e-01  1.00879786e-01 -5.80000000e-01 -6.80879786e-03 -5.80000000e-01  6.86870072e-04 
-5.70000000e-01  1.04110734e-01 -5.70000000e-01 -6.74110734e-03 -5.70000000e-01  7.01821636e-04 
-5.60000000e-01  1.07324791e-01 -5.60000000e-01 -6.67324791e-03 -5.60000000e-01  7.16204941e-04 
-5.50000000e-01  1.10522524e-01 -5.50000000e-01 -6.60522524e-03 -5.50000000e-01  7.30026165e-04 
-5.40000000e-01  1.13704472e-01 -5.40000000e-01 -6.53704472e-03 -5.40000000e-01  7.43291216e-04 
-5.30000000e-01  1.16871150e-01 -5.30000000e-01 -6.46871150e-03 -5.30000000e-01  7.56005750e-04 
-5.20000000e-01  1.20023049e-01 -5.20000000e-01 -6.40023049e-03 -5.20000000e-01  7.68175181e-04 
-5.10000000e-01  1.23160640e-01 -5.10000000e-01 -6.33160640e-03 -5.10000000e-01  7.79804696e-04 
-5.00000000e-01  1.26284369e-01 -5.00000000e-01 -6.26284369e-03 -5.00000000e-01  7.90899267e-04 
-4.90000000e-01  1.29394666e-01 -4.90000000e-01 -6.19394666e-03 -4.90000000e-01  8.01463662e-04 
-4.80000000e-01  1.32491940e-01 -4.80000000e-01 -6.12491940e-03 -4.80000000e-01  8.11502457e-04 
-4.70000000e-01  1.35576584e-01 -4.70000000e-01 -6.05576584e-03 -4.70000000e-01  8.21020043e-04 
-4.60000000e-01  1.38648971e-01 -4.60000000e-01 -5.98648971e-03 -4.60000000e-01  8.30020642e-04 
-4.50000000e-01  1.41709464e-01 -4.50000000e-01 -5.91709464e-03 -4.50000000e-01  8.38508307e-04 
-4.40000000e-01  1.44758404e-01 -4.40000000e-01 -5.84758404e-03 -4.40000000e-01  8.46486936e-04 
-4.30000000e-01  1.47796125e-01 -4.30000000e-01 -5.77796125e-03 -4.30000000e-01  8.53960281e-04 
-4.20000000e-01  1.50822941e-01 -4.20000000e-01 -5.70822941e-03 -4.20000000e-01  8.60931951e-04 
-4.10000000e-01  1.53839159e-01 -4.10000000e-01 -5.63839159e-03 -4.10000000e-01  8.67405420e-04 
-4.00000000e-01  1.56845069e-01 -4.00000000e-01 -5.56845069e-03 -4.00000000e-01  8.73384035e-04 
-3.90000000e-01  1.59840954e-01 -3.90000000e-01 -5.49840954e-03 -3.90000000e-01  8.78871024e-04 
-3.80000000e-01  1.62827081e-01 -3.80000000e-01 -5.42827081e-03 -3.80000000e-01  8.83869494e-04 
-3.70000000e-01  1.65803713e-01 -3.70000000e-01 -5.35803713e-03 -3.70000000e-01  8.88382447e-04 
-3.60000000e-01  1.68771096e-01 -3.60000000e-01 -5.28771096e-03 -3.60000000e-01  8.92412777e-04 
-3.50000000e-01  1.71729474e-01 -3.50000000e-01 -5.21729474e-03 -3.50000000e-01  8.95963278e-04 
-3.40000000e-01  1.74679075e-01 -3.40000000e-01 -5.14679075e-03 -3.40000000e-01  8.99036648e-04 
-3.30000000e-01  1.77620124e-01 -3.30000000e-01 -5.07620124e-03 -3.30000000e-01  9.01635494e-04 
-3.20000000e-01  1.80552835e-01 -3.20000000e-01 -5.00552835e-03 -3.20000000e-01  9.03762335e-04 
-3.10000000e-01  1.83477415e-01 -3.10000000e-01 -4.93477415e-03 -3.10000000e-01  9.05419607e-04 
-3.00000000e-01  1.86394065e-01 -3.00000000e-01 -4.86394065e-03 -3.00000000e-01  9.06609666e-04 
-2.90000000e-01  1.89302975e-01 -2.90000000e-01 -4.79302975e-03 -2.90000000e-01  9.07334792e-04 
-2.80000000e-01  1.92204333e-01 -2.80000000e-01 -4.72204333e-03 -2.80000000e-01  9.07597190e-04 
-2.70000000e-01  1.95098318e-01 -2.70000000e-01 -4.65098318e-03 -2.70000000e-01  9.07398996e-04 
-2.60000000e-01  1.97985103e-01 -2.60000000e-01 -4.57985103e-03 -2.60000000e-01  9.06742280e-04 
-2.50000000e-01  2.00864856e-01 -2.50000000e-01 -4.50864856e-03 -2.50000000e-01  9.05629047e-04 
-2.40000000e-01  2.03737739e-01 -2.40000000e-01 -4.43737739e-03 -2.40000000e-01  9.04061238e-04 
-2.30000000e-01  2.06603908e-01 -2.30000000e-01 -4.36603908e-03 -2.30000000e-01  9.02040738e-04 
-2.20000000e-01  2.09463515e-01 -2.20000000e-01 -4.29463515e-03 -2.20000000e-01  8.99569375e-04 
-2.10000000e-01  2.12316706e-01 -2.10000000e-01 -4.22316706e-03 -2.10000000e-01  8.96648919e-04 
-2.00000000e-01  2.15163623e-01 -2.00000000e-01 -4.15163623e-03 -2.00000000e-01  8.93281091e-04 
-1.90000000e-01  2.18004403e-01 -1.90000000e-01 -4.08004403e-03 -1.90000000e-01  8.89467562e-04 
-1.80000000e-01  2.20839179e-01 -1.80000000e-01 -4.00839179e-03 -1.80000000e-01  8.85209952e-04 
-1.70000000e-01  2.23668080e-01 -1.70000000e-01 -3.93668080e-03 -1.70000000e-01  8.80509836e-04 
-1.60000000e-01  2.26491231e-01 -1.60000000e-01 -3.86491231e-03 -1.60000000e-01  8.75368744e-04 
-1.50000000e-01  2.29308752e-01 -1.50000000e-01 -3.79308752e-03 -1.50000000e-01  8.69788164e-04 
-1.40000000e-01  2.32120761e-01 -1.40000000e-01 -3.72120761e-03 -1.40000000e-01  8.63769542e-04 
-1.30000000e-01  2.34927372e-01 -1.30000000e-01 -3.64927372e-03 -1.30000000e-01  8.57314282e-04 
-1.20000000e-01  2.37728694e-01 -1.20000000e-01 -3.57728694e-03 -1.20000000e-01  8.50423753e-04 
-1.10000000e-01  2.40524836e-01 -1.10000000e-01 -3.50524836e-03 -1.10000000e-01  8.43099286e-04 
-1.00000000e-01  2.43315900e-01 -1.00000000e-01 -3.43315900e-03 -1.00000000e-01  8.35342174e-04 
-9.00000000e-02  2.46101989e-01 -9.00000000e-02 -3.36101989e-03 -9.00000000e-02  8.27153678e-04 
-8.00000000e-02  2.48883199e-01 -8.00000000e-02 -3.28883199e-03 -8.00000000e-02  8.18535026e-04 
-7.00000000e-02  2.51659626e-01 -7.00000000e-02 -3.21659626e-03 -7.00000000e-02  8.09487413e-04 
-6.00000000e-02  2.54431363e-01 -6.00000000e-02 -3.14431363e-03 -6.00000000e-02  8.00012004e-04 
-5.00000000e-02  2.57198500e-01 -5.00000000e-02 -3.07198500e-03 -5.00000000e-02  7.90109932e-04 
-4.00000000e-02  2.59961123e-01 -4.00000000e-02 -2.99961123e-03 -4.00000000e-02  7.79782303e-04 
-3.00000000e-02  2.62719318e-01 -3.00000000e-02 -2.92719318e-03 -3.00000000e-02  7.69030196e-04 
-2.00000000e-02  2.65473168e-01 -2.00000000e-02 -2.85473168e-03 -2.00000000e-02  7.57854662e-04 
-1.00000000e-02  2.68222753e-01 -1.00000000e-02 -2.78222753e-03 -1.00000000e-02  7.46256726e-04 
 1.64104841e-15  2.70968151e-01  1.64104841e-15 -2.70968151e-03  1.64104841e-15  7.34237388e-04 
 1.00000000e-02  2.73709438e-01  1.00000000e-02 -2.63709438e-03  1.00000000e-02  7.21797623e-04 
 2.00000000e-02  2.76446690e-01  2.00000000e-02 -2.56446690e-03  2.00000000e-02  7.08938385e-04 
 3.00000000e-02  2.79179977e-01  3.00000000e-02 -2.49179977e-03  3.00000000e-02  6.95660602e-04 
 4.00000000e-02  2.81909370e-01  4.00000000e-02 -2.41909370e-03  4.00000000e-02  6.81965182e-04 
 5.00000000e-02  2.84634938e-01  5.00000000e-02 -2.34634938e-03  5.00000000e-02  6.67853011e-04 
 6.00000000e-02  2.87356748e-01  6.00000000e-02 -2.27356748e-03  6.00000000e-02  6.53324956e-04 
 7.00000000e-02  2.90074864e-01  7.00000000e-02 -2.20074864e-03  7.00000000e-02  6.38381862e-04 
 8.00000000e-02  2.92789350e-01  8.00000000e-02 -2.12789350e-03  8.00000000e-02  6.23024555e-04 
 9.00000000e-02  2.95500268e-01  9.00000000e-02 -2.05500268e-03  9.00000000e-02  6.07253842e-04 
 1.00000000e-01  2.98207678e-01  1.00000000e-01 -1.98207678e-03  1.00000000e-01  5.91070514e-04 
 1.10000000e-01  3.00911639e-01  1.10000000e-01 -1.90911639e-03  1.10000000e-01  5.74475342e-04 
 1.20000000e-01  3.03612208e-01  1.20000000e-01 -1.83612208e-03  1.20000000e-01  5.57469081e-04 
 1.30000000e-01  3.06309442e-01  1.30000000e-01 -1.76309442e-03  1.30000000e-01  5.40052469e-04 
 1.40000000e-01  3.09003395e-01  1.40000000e-01 -1.69003395e-03  1.40000000e-01  5.22226228e-04 
 1.50000000e-01  3.11694120e-01  1.50000000e-01 -1.61694120e-03  1.50000000e-01  5.03991064e-04 
 1.60000000e-01  3.14381669e-01  1.60000000e-01 -1.54381669e-03  1.60000000e-01  4.85347669e-04 
 1.70000000e-01  3.17066094e-01  1.70000000e-01 -1.47066094e-03  1.70000000e-01  4.66296719e-04 
 1.80000000e-01  3.19747443e-01  1.80000000e-01 -1.39747443e-03  1.80000000e-01  4.46838877e-04 
 1.90000000e-01  3.22425766e-01  1.90000000e-01 -1.32425766e-03  1.90000000e-01  4.26974791e-04 
 2.00000000e-01  3.25101110e-01  2.00000000e-01 -1.25101110e-03  2.00000000e-01  4.06705095e-04 
 2.10000000e-01  3.27773520e-01  2.10000000e-01 -1.17773520e-03  2.10000000e-01  3.86030413e-04 
 2.20000000e-01  3.30443043e-01  2.20000000e-01 -1.10443043e-03  2.20000000e-01  3.64951352e-04 
 2.30000000e-01  3.33109722e-01  2.30000000e-01 -1.03109722e-03  2.30000000e-01  3.43468510e-04 
 2.40000000e-01  3.35773602e-01  2.40000000e-01 -9.57736016e-04  2.40000000e-01  3.21582471e-04 
 2.50000000e-01  3.38434723e-01  2.50000000e-01 -8.84347228e-04  2.50000000e-01  2.99293809e-04 
 2.60000000e-01  3.41093127e-01  2.60000000e-01 -8.10931273e-04  2.60000000e-01  2.76603084e-04 
 2.70000000e-01  3.43748856e-01  2.70000000e-01 -7.37488557e-04  2.70000000e-01  2.53510847e-04 
 2.80000000e-01  3.46401947e-01  2.80000000e-01 -6.64019474e-04  2.80000000e-01  2.30017639e-04 
 2.90000000e-01  3.49052441e-01  2.90000000e-01 -5.90524411e-04  2.90000000e-01  2.06123987e-04 
 3.00000000e-01  3.51700375e-01  3.00000000e-01 -5.17003747e-04  3.00000000e-01  1.81830412e-04 
 3.10000000e-01  3.54345785e-01  3.10000000e-01 -4.43457854e-04  3.10000000e-01  1.57137421e-04 
 3.20000000e-01  3.56988709e-01  3.20000000e-01 -3.69887092e-04  3.20000000e-01  1.32045516e-04 
 3.30000000e-01  3.59629182e-01  3.30000000e-01 -2.96291818e-04  3.30000000e-01  1.06555184e-04 
 3.40000000e-01  3.62267238e-01  3.40000000e-01 -2.22672379e-04  3.40000000e-01  8.06669078e-05 
 3.50000000e-01  3.64902912e-01  3.50000000e-01 -1.49029116e-04  3.50000000e-01  5.43811583e-05 
 3.60000000e-01  3.67536236e-01  3.60000000e-01 -7.53623616e-05  3.60000000e-01  2.76983987e-05 
 3.70000000e-01  3.70167244e-01  3.70000000e-01 -1.67244253e-06  3.70000000e-01  6.19083444e-07 
 3.80000000e-01  3.72795968e-01  3.80000000e-01  7.20403212e-05  3.80000000e-01 -2.68563413e-05 
 3.90000000e-01  3.75422438e-01  3.90000000e-01  1.45775616e-04  3.90000000e-01 -5.47274373e-05 
 4.00000000e-01  3.78046686e-01  4.00000000e-01  2.19533135e-04  4.00000000e-01 -8.29937743e-05 
 4.10000000e-01  3.80668742e-01  4.10000000e-01  2.93312577e-04  4.10000000e-01 -1.11654930e-04 
 4.20000000e-01  3.83288635e-01  4.20000000e-01  3.67113648e-04  4.20000000e-01 -1.40710489e-04 
 4.30000000e-01  3.85906394e-01  4.30000000e-01  4.40936057e-04  4.30000000e-01 -1.70160044e-04 
 4.40000000e-01  3.88522048e-01  4.40000000e-01  5.14779523e-04  4.40000000e-01 -2.00003194e-04 
 4.50000000e-01  3.91135623e-01  4.50000000e-01  5.88643765e-04  4.50000000e-01 -2.30239546e-04 
 4.60000000e-01  3.93747149e-01  4.60000000e-01  6.62528513e-04  4.60000000e-01 -2.60868713e-04 
 4.70000000e-01  3.96356650e-01  4.70000000e-01  7.36433498e-04  4.70000000e-01 -2.91890315e-04 
 4.80000000e-01  3.98964154e-01  4.80000000e-01  8.10358459e-04  4.80000000e-01 -3.23303977e-04 
 4.90000000e-01  4.01569686e-01  4.90000000e-01  8.84303139e-04  4.90000000e-01 -3.55109334e-04 
 5.00000000e-01  4.04173272e-01  5.00000000e-01  9.58267284e-04  5.00000000e-01 -3.87306023e-04 
 5.10000000e-01  4.06774935e-01  5.10000000e-01  1.03225065e-03  5.10000000e-01 -4.19893690e-04 
 5.20000000e-01  4.09374701e-01  5.20000000e-01  1.10625299e-03  5.20000000e-01 -4.52871986e-04 
 5.30000000e-01  4.11972594e-01  5.30000000e-01  1.18027406e-03  5.30000000e-01 -4.86240567e-04 
 5.40000000e-01  4.14568636e-01  5.40000000e-01  1.25431364e-03  5.40000000e-01 -5.19999095e-04 
 5.50000000e-01  4.17162851e-01  5.50000000e-01  1.32837149e-03  5.50000000e-01 -5.54147239e-04 
 5.60000000e-01  4.19755261e-01  5.60000000e-01  1.40244739e-03  5.60000000e-01 -5.88684671e-04 
 5.70000000e-01  4.22345888e-01  5.70000000e-01  1.47654112e-03  5.70000000e-01 -6.23611070e-04 
 5.80000000e-01  4.24934755e-01  5.80000000e-01  1.55065245e-03  5.80000000e-01 -6.58926120e-04 
 5.90000000e-01  4.27521882e-01  5.90000000e-01  1.62478118e-03  5.90000000e-01 -6.94629509e-04 
 6.00000000e-01  4.30107290e-01  6.00000000e-01  1.69892710e-03  6.00000000e-01 -7.30720930e-04 
 6.10000000e-01  4.32691001e-01  6.10000000e-01  1.77308999e-03  6.10000000e-01 -7.67200083e-04 
 6.20000000e-01  4.35273034e-01  6.20000000e-01  1.84726966e-03  6.20000000e-01 -8.04066670e-04 
 6.30000000e-01  4.37853409e-01  6.30000000e-01  1.92146591e-03  6.30000000e-01 -8.41320399e-04 
 6.40000000e-01  4.40432146e-01  6.40000000e-01  1.99567854e-03  6.40000000e-01 -8.78960983e-04 
 6.50000000e-01  4.43009263e-01  6.50000000e-01  2.06990737e-03  6.50000000e-01 -9.16988137e-04 
 6.60000000e-01  4.45584781e-01  6.60000000e-01  2.14415219e-03  6.60000000e-01 -9.55401584e-04 
 6.70000000e-01  4.48158717e-01  6.70000000e-01  2.21841283e-03  6.70000000e-01 -9.94201048e-04 
 6.80000000e-01  4.50731089e-01  6.80000000e-01  2.29268911e-03  6.80000000e-01 -1.03338626e-03 
 6.90000000e-01  4.53301916e-01  6.90000000e-01  2.36698084e-03  6.90000000e-01 -1.07295695e-03 
 7.00000000e-01  4.55871215e-01  7.00000000e-01  2.44128785e-03  7.00000000e-01 -1.11291286e-03 
 7.10000000e-01  4.58439004e-01  7.10000000e-01  2.51560996e-03  7.10000000e-01 -1.15325372e-03 
 7.20000000e-01  4.61005299e-01  7.20000000e-01  2.58994701e-03  7.20000000e-01 -1.19397930e-03 
 7.30000000e-01  4.63570117e-01  7.30000000e-01  2.66429883e-03  7.30000000e-01 -1.23508932e-03 
 7.40000000e-01  4.66133475e-01  7.40000000e-01  2.73866525e-03  7.40000000e-01 -1.27658355e-03 
 7.50000000e-01  4.68695389e-01  7.50000000e-01  2.81304611e-03  7.50000000e-01 -1.31846174e-03 
 7.60000000e-01  4.71255874e-01  7.60000000e-01  2.88744126e-03  7.60000000e-01 -1.36072365e-03 
 7.70000000e-01  4.73814947e-01  7.70000000e-01  2.96185053e-03  7.70000000e-01 -1.40336905e-03 
 7.80000000e-01  4.76372623e-01  7.80000000e-01  3.03627377e-03  7.80000000e-01 -1.44639770e-03 
 7.90000000e-01  4.78928917e-01  7.90000000e-01  3.11071083e-03  7.90000000e-01 -1.48980937e-03 
 8.00000000e-01  4.81483844e-01  8.00000000e-01  3.18516156e-03  8.00000000e-01 -1.53360383e-03 
 8.10000000e-01  4.84037419e-01  8.10000000e-01  3.25962581e-03  8.10000000e-01 -1.57778086e-03 
 8.20000000e-01  4.86589656e-01  8.20000000e-01  3.33410344e-03  8.20000000e-01 -1.62234025e-03 
 8.30000000e-01  4.89140569e-01  8.30000000e-01  3.40859431e-03  8.30000000e-01 -1.66728176e-03 
 8.40000000e-01  4.91690173e-01  8.40000000e-01  3.48309827e-03  8.40000000e-01 -1.71260519e-03 
 8.50000000e-01  4.94238481e-01  8.50000000e-01  3.55761519e-03  8.50000000e-01 -1.75831033e-03 
 8.60000000e-01  4.96785507e-01  8.60000000e-01  3.63214493e-03  8.60000000e-01 -1.80439696e-03 
 8.70000000e-01  4.99331264e-01  8.70000000e-01  3.70668736e-03  8.70000000e-01 -1.85086488e-03 
 8.80000000e-01  5.01875765e-01  8.80000000e-01  3.78124235e-03  8.80000000e-01 -1.89771390e-03 
 8.90000000e-01  5.04419024e-01  8.90000000e-01  3.85580976e-03  8.90000000e-01 -1.94494380e-03 
 9.00000000e-01  5.06961052e-01  9.00000000e-01  3.93038948e-03  9.00000000e-01 -1.99255439e-03 
 9.10000000e-01  5.09501863e-01  9.10000000e-01  4.00498137e-03  9.10000000e-01 -2.04054547e-03 
 9.20000000e-01  5.12041469e-01  9.20000000e-01  4.07958531e-03  9.20000000e-01 -2.08891685e-03 
 9.30000000e-01  5.14579883e-01  9.30000000e-01  4.15420117e-03  9.30000000e-01 -2.13766835e-03 
 9.40000000e-01  5.17117115e-01  9.40000000e-01  4.22882885e-03  9.40000000e-01 -2.18679977e-03 
 9.50000000e-01  5.19653179e-01  9.50000000e-01  4.30346821e-03  9.50000000e-01 -2.23631094e-03 
 9.60000000e-01  5.22188085e-01  9.60000000e-01  4.37811915e-03  9.60000000e-01 -2.28620166e-03 
 9.70000000e-01  5.24721845e-01  9.70000000e-01  4.45278155e-03  9.70000000e-01 -2.33647175e-03 
 9.80000000e-01  5.27254471e-01  9.80000000e-01  4.52745529e-03  9.80000000e-01 -2.38712104e-03 
 9.90000000e-01  5.29785973e-01  9.90000000e-01  4.60214027e-03  9.90000000e-01 -2.43814936e-03 
 1.00000000e+00  5.32316363e-01  1.00000000e+00  4.67683637e-03  1.00000000e+00 -2.48955653e-03 
 1.01000000e+00  5.34845652e-01  1.01000000e+00  4.75154348e-03  1.01000000e+00 -2.54134237e-03 
 1.02000000e+00  5.37373850e-01  1.02000000e+00  4.82626150e-03  1.02000000e+00 -2.59350672e-03 
 1.03000000e+00  5.39900967e-01  1.03000000e+00  4.90099033e-03  1.03000000e+00 -2.64604942e-03 
 1.04000000e+00  5.42427014e-01  1.04000000e+00  4.97572986e-03  1.04000000e+00 -2.69897029e-03 
 1.05000000e+00  5.44952002e-01  1.05000000e+00  5.05047998e-03  1.05000000e+00 -2.75226918e-03 
 1.06000000e+00  5.47475940e-01  1.06000000e+00  5.12524060e-03  1.06000000e+00 -2.80594592e-03 
 1.07000000e+00  5.49998838e-01  1.07000000e+00  5.20001162e-03  1.07000000e+00 -2.86000035e-03 
 1.08000000e+00  5.52520706e-01  1.08000000e+00  5.27479294e-03  1.08000000e+00 -2.91443232e-03 
 1.09000000e+00  5.55041555e-01  1.09000000e+00  5.34958445e-03  1.09000000e+00 -2.96924167e-03 
 1.10000000e+00  5.57561392e-01  1.10000000e+00  5.42438608e-03  1.10000000e+00 -3.02442825e-03 
 1.11000000e+00  5.60080228e-01  1.11000000e+00  5.49919772e-03  1.11000000e+00 -3.07999191e-03 
 1.12000000e+00  5.62598072e-01  1.12000000e+00  5.57401928e-03  1.12000000e+00 -3.13593250e-03 
 1.13000000e+00  5.65114933e-01  1.13000000e+00  5.64885067e-03  1.13000000e+00 -3.19224987e-03 
 1.14000000e+00  5.67630820e-01  1.14000000e+00  5.72369180e-03  1.14000000e+00 -3.24894387e-03 
 1.15000000e+00  5.70145742e-01  1.15000000e+00  5.79854258e-03  1.15000000e+00 -3.30601436e-03 
 1.16000000e+00  5.72659708e-01  1.16000000e+00  5.87340292e-03  1.16000000e+00 -3.36346120e-03 
 1.17000000e+00  5.75172726e-01  1.17000000e+00  5.94827274e-03  1.17000000e+00 -3.42128425e-03 
 1.18000000e+00  5.77684806e-01  1.18000000e+00  6.02315194e-03  1.18000000e+00 -3.47948336e-03 
 1.19000000e+00  5.80195954e-01  1.19000000e+00  6.09804046e-03  1.19000000e+00 -3.53805840e-03 
 1.20000000e+00  5.82706181e-01  1.20000000e+00  6.17293819e-03  1.20000000e+00 -3.59700924e-03 
 1.21000000e+00  5.85215493e-01  1.21000000e+00  6.24784507e-03  1.21000000e+00 -3.65633573e-03 
 1.22000000e+00  5.87723899e-01  1.22000000e+00  6.32276101e-03  1.22000000e+00 -3.71603775e-03 
 1.23000000e+00  5.90231408e-01  1.23000000e+00  6.39768592e-03  1.23000000e+00 -3.77611517e-03 
 1.24000000e+00  5.92738026e-01  1.24000000e+00  6.47261974e-03  1.24000000e+00 -3.83656785e-03 
 1.25000000e+00  5.95243762e-01  1.25000000e+00  6.54756238e-03  1.25000000e+00 -3.89739566e-03 
 1.26000000e+00  5.97748623e-01  1.26000000e+00  6.62251377e-03  1.26000000e+00 -3.95859849e-03 
 1.27000000e+00  6.00252617e-01  1.27000000e+00  6.69747383e-03  1.27000000e+00 -4.02017619e-03 
 1.28000000e+00  6.02755752e-01  1.28000000e+00  6.77244248e-03  1.28000000e+00 -4.08212866e-03 
 1.29000000e+00  6.05258035e-01  1.29000000e+00  6.84741965e-03  1.29000000e+00 -4.14445576e-03 
 1.30000000e+00  6.07759472e-01  1.30000000e+00  6.92240528e-03  1.30000000e+00 -4.20715738e-03 
 1.31000000e+00  6.10260072e-01  1.31000000e+00  6.99739928e-03  1.31000000e+00 -4.27023339e-03 
 1.32000000e+00  6.12759842e-01  1.32000000e+00  7.07240158e-03  1.32000000e+00 -4.33368367e-03 
 1.33000000e+00  6.15258788e-01  1.33000000e+00  7.14741212e-03  1.33000000e+00 -4.39750812e-03 
 1.34000000e+00  6.17756917e-01  1.34000000e+00  7.22243083e-03  1.34000000e+00 -4.46170660e-03 
 1.35000000e+00  6.20254236e-01  1.35000000e+00  7.29745764e-03  1.35000000e+00 -4.52627901e-03 
 1.36000000e+00  6.22750753e-01  1.36000000e+00  7.37249247e-03  1.36000000e+00 -4.59122524e-03 
 1.37000000e+00  6.25246473e-01  1.37000000e+00  7.44753527e-03  1.37000000e+00 -4.65654516e-03 
 1.38000000e+00  6.27741404e-01  1.38000000e+00  7.52258596e-03  1.38000000e+00 -4.72223867e-03 
 1.39000000e+00  6.30235552e-01  1.39000000e+00  7.59764448e-03  1.39000000e+00 -4.78830566e-03 
 1.40000000e+00  6.32728922e-01  1.40000000e+00  7.67271078e-03  1.40000000e+00 -4.85474602e-03 
 1.41000000e+00  6.35221523e-01  1.41000000e+00  7.74778477e-03  1.41000000e+00 -4.92155964e-03 
 1.42000000e+00  6.37713359e-01  1.42000000e+00  7.82286641e-03  1.42000000e+00 -4.98874642e-03 
 1.43000000e+00  6.40204437e-01  1.43000000e+00  7.89795563e-03  1.43000000e+00 -5.05630624e-03 
 1.44000000e+00  6.42694764e-01  1.44000000e+00  7.97305236e-03  1.44000000e+00 -5.12423901e-03 
 1.45000000e+00  6.45184345e-01  1.45000000e+00  8.04815655e-03  1.45000000e+00 -5.19254461e-03 
 1.46000000e+00  6.47673186e-01  1.46000000e+00  8.12326814e-03  1.46000000e+00 -5.26122296e-03 
 1.47000000e+00  6.50161294e-01  1.47000000e+00  8.19838706e-03  1.47000000e+00 -5.33027394e-03 
 1.48000000e+00  6.52648673e-01  1.48000000e+00  8.27351327e-03  1.48000000e+00 -5.39969746e-03 
 1.49000000e+00  6.55135331e-01  1.49000000e+00  8.34864669e-03  1.49000000e+00 -5.46949341e-03 
 1.50000000e+00  6.57621272e-01  1.50000000e+00  8.42378728e-03  1.50000000e+00 -5.53966171e-03 
 1.51000000e+00  6.60106502e-01  1.51000000e+00  8.49893498e-03  1.51000000e+00 -5.61020224e-03 
 1.52000000e+00  6.62591027e-01  1.52000000e+00  8.57408973e-03  1.52000000e+00 -5.68111492e-03 
 1.53000000e+00  6.65074852e-01  1.53000000e+00  8.64925148e-03  1.53000000e+00 -5.75239965e-03 
 1.54000000e+00  6.67557983e-01  1.54000000e+00  8.72442017e-03  1.54000000e+00 -5.82405633e-03 
 1.55000000e+00  6.70040425e-01  1.55000000e+00  8.79959575e-03  1.55000000e+00 -5.89608488e-03 
 1.56000000e+00  6.72522183e-01  1.56000000e+00  8.87477817e-03  1.56000000e+00 -5.96848519e-03 
 1.57000000e+00  6.75003263e-01  1.57000000e+00  8.94996737e-03  1.57000000e+00 -6.04125718e-03 
 1.58000000e+00  6.77483670e-01  1.58000000e+00  9.02516330e-03  1.58000000e+00 -6.11440076e-03 
 1.59000000e+00  6.79963409e-01  1.59000000e+00  9.10036591e-03  1.59000000e+00 -6.18791583e-03 
 1.60000000e+00  6.82442486e-01  1.60000000e+00  9.17557514e-03  1.60000000e+00 -6.26180231e-03 
 1.61000000e+00  6.84920904e-01  1.61000000e+00  9.25079096e-03  1.61000000e+00 -6.33606011e-03 
 1.62000000e+00  6.87398669e-01  1.62000000e+00  9.32601331e-03  1.62000000e+00 -6.41068914e-03 
 1.63000000e+00  6.89875787e-01  1.63000000e+00  9.40124213e-03  1.63000000e+00 -6.48568931e-03 
 1.64000000e+00  6.92352261e-01  1.64000000e+00  9.47647739e-03  1.64000000e+00 -6.56106055e-03 
 1.65000000e+00  6.94828097e-01  1.65000000e+00  9.55171903e-03  1.65000000e+00 -6.63680276e-03 
 1.66000000e+00  6.97303300e-01  1.66000000e+00  9.62696700e-03  1.66000000e+00 -6.71291586e-03 
 1.67000000e+00  6.99777873e-01  1.67000000e+00  9.70222127e-03  1.67000000e+00 -6.78939976e-03 
 1.68000000e+00  7.02251823e-01  1.68000000e+00  9.77748177e-03  1.68000000e+00 -6.86625440e-03 
 1.69000000e+00  7.04725153e-01  1.69000000e+00  9.85274847e-03  1.69000000e+00 -6.94347967e-03 
 1.70000000e+00  7.07197867e-01  1.70000000e+00  9.92802133e-03  1.70000000e+00 -7.02107551e-03 
 1.71000000e+00  7.09669972e-01  1.71000000e+00  1.00033003e-02  1.71000000e+00 -7.09904183e-03 
 1.72000000e+00  7.12141470e-01  1.72000000e+00  1.00785853e-02  1.72000000e+00 -7.17737855e-03 
 1.73000000e+00  7.14612366e-01  1.73000000e+00  1.01538763e-02  1.73000000e+00 -7.25608560e-03 
 1.74000000e+00  7.17082665e-01  1.74000000e+00  1.02291733e-02  1.74000000e+00 -7.33516289e-03 
 1.75000000e+00  7.19552371e-01  1.75000000e+00  1.03044763e-02  1.75000000e+00 -7.41461035e-03 
 1.76000000e+00  7.22021488e-01  1.76000000e+00  1.03797851e-02  1.76000000e+00 -7.49442790e-03 
 1.77000000e+00  7.24490021e-01  1.77000000e+00  1.04550998e-02  1.77000000e+00 -7.57461547e-03 
 1.78000000e+00  7.26957973e-01  1.78000000e+00  1.05304203e-02  1.78000000e+00 -7.65517298e-03 
 1.79000000e+00  7.29425349e-01  1.79000000e+00  1.06057465e-02  1.79000000e+00 -7.73610035e-03 
 1.80000000e+00  7.31892153e-01  1.80000000e+00  1.06810785e-02  1.80000000e+00 -7.81739752e-03 
 1.81000000e+00  7.34358389e-01  1.81000000e+00  1.07564161e-02  1.81000000e+00 -7.89906440e-03 
 1.82000000e+00  7.36824060e-01  1.82000000e+00  1.08317594e-02  1.82000000e+00 -7.98110094e-03 
 1.83000000e+00  7.39289171e-01  1.83000000e+00  1.09071083e-02  1.83000000e+00 -8.06350705e-03 
 1.84000000e+00  7.41753726e-01  1.84000000e+00  1.09824627e-02  1.84000000e+00 -8.14628266e-03 
 1.85000000e+00  7.44217729e-01  1.85000000e+00  1.10578227e-02  1.85000000e+00 -8.22942770e-03 
 1.86000000e+00  7.46681183e-01  1.86000000e+00  1.11331882e-02  1.86000000e+00 -8.31294211e-03 
 1.87000000e+00  7.49144092e-01  1.87000000e+00  1.12085591e-02  1.87000000e+00 -8.39682581e-03 
 1.88000000e+00  7.51606460e-01  1.88000000e+00  1.12839354e-02  1.88000000e+00 -8.48107874e-03 
 1.89000000e+00  7.54068291e-01  1.89000000e+00  1.13593171e-02  1.89000000e+00 -8.56570083e-03 
 1.90000000e+00  7.56529588e-01  1.90000000e+00  1.14347041e-02  1.90000000e+00 -8.65069200e-03 
 1.91000000e+00  7.58990356e-01  1.91000000e+00  1.15100964e-02  1.91000000e+00 -8.73605219e-03 
 1.92000000e+00  7.61450596e-01  1.92000000e+00  1.15854940e-02  1.92000000e+00 -8.82178134e-03 
 1.93000000e+00  7.63910314e-01  1.93000000e+00  1.16608969e-02  1.93000000e+00 -8.90787938e-03 
 1.94000000e+00  7.66369513e-01  1.94000000e+00  1.17363049e-02  1.94000000e+00 -8.99434625e-03 
 1.95000000e+00  7.68828196e-01  1.95000000e+00  1.18117180e-02  1.95000000e+00 -9.08118187e-03 
 1.96000000e+00  7.71286367e-01  1.96000000e+00  1.18871363e-02  1.96000000e+00 -9.16838619e-03 
 1.97000000e+00  7.73744029e-01  1.97000000e+00  1.19625597e-02  1.97000000e+00 -9.25595915e-03 
 1.98000000e+00  7.76201185e-01  1.98000000e+00  1.20379882e-02  1.98000000e+00 -9.34390067e-03 
 1.99000000e+00  7.78657839e-01  1.99000000e+00  1.21134216e-02  1.99000000e+00 -9.43221069e-03 
 2.00000000e+00  7.81113994e-01  2.00000000e+00  1.21888601e-02  2.00000000e+00 -9.52088917e-03 
