-2.00000000e+00 -9.83758230e-01 -2.00000000e+00 -1.01624177e-02 -2.00000000e+00 -9.99736205e-03 
-1.99000000e+00 -9.73953257e-01 -1.99000000e+00 -1.01604674e-02 -1.99000000e+00 -9.89582035e-03 
-1.98000000e+00 -9.64148295e-01 -1.98000000e+00 -1.01585170e-02 -1.98000000e+00 -9.79431689e-03 
-1.97000000e+00 -9.54343337e-01 -1.97000000e+00 -1.01565666e-02 -1.97000000e+00 -9.69285169e-03 
-1.96000000e+00 -9.44538386e-01 -1.96000000e+00 -1.01546161e-02 -1.96000000e+00 -9.59142474e-03 
-1.95000000e+00 -9.34733442e-01 -1.95000000e+00 -1.01526656e-02 -1.95000000e+00 -9.49003604e-03 
-1.94000000e+00 -9.24928506e-01 -1.94000000e+00 -1.01507149e-02 -1.94000000e+00 -9.38868560e-03 
-1.93000000e+00 -9.15123579e-01 -1.93000000e+00 -1.01487642e-02 -1.93000000e+00 -9.28737343e-03 
-1.92000000e+00 -9.05318661e-01 -1.92000000e+00 -1.01468134e-02 -1.92000000e+00 -9.18609951e-03 
-1.91000000e+00 -8.95513753e-01 -1.91000000e+00 -1.01448625e-02 -1.91000000e+00 -9.08486386e-03 
-1.90000000e+00 -8.85708856e-01 -1.90000000e+00 -1.01429114e-02 -1.90000000e+00 -8.98366649e-03 
-1.89000000e+00 -8.75903971e-01 -1.89000000e+00 -1.01409603e-02 -1.89000000e+00 -8.88250739e-03 
-1.88000000e+00 -8.66099098e-01 -1.88000000e+00 -1.01390090e-02 -1.88000000e+00 -8.78138657e-03 
-1.87000000e+00 -8.56294240e-01 -1.87000000e+00 -1.01370576e-02 -1.87000000e+00 -8.68030403e-03 
-1.86000000e+00 -8.46489397e-01 -1.86000000e+00 -1.01351060e-02 -1.86000000e+00 -8.57925979e-03 
-1.85000000e+00 -8.36684571e-01 -1.85000000e+00 -1.01331543e-02 -1.85000000e+00 -8.47825385e-03 
-1.84000000e+00 -8.26879764e-01 -1.84000000e+00 -1.01312024e-02 -1.84000000e+00 -8.37728622e-03 
-1.83000000e+00 -8.17074976e-01 -1.83000000e+00 -1.01292502e-02 -1.83000000e+00 -8.27635690e-03 
-1.82000000e+00 -8.07270211e-01 -1.82000000e+00 -1.01272979e-02 -1.82000000e+00 -8.17546590e-03 
-1.81000000e+00 -7.97465470e-01 -1.81000000e+00 -1.01253453e-02 -1.81000000e+00 -8.07461325e-03 
-1.80000000e+00 -7.87660756e-01 -1.80000000e+00 -1.01233924e-02 -1.80000000e+00 -7.97379894e-03 
-1.79000000e+00 -7.77856071e-01 -1.79000000e+00 -1.01214393e-02 -1.79000000e+00 -7.87302300e-03 
-1.78000000e+00 -7.68051420e-01 -1.78000000e+00 -1.01194858e-02 -1.78000000e+00 -7.77228544e-03 
-1.77000000e+00 -7.58246805e-01 -1.77000000e+00 -1.01175319e-02 -1.77000000e+00 -7.67158628e-03 
-1.76000000e+00 -7.48442231e-01 -1.76000000e+00 -1.01155777e-02 -1.76000000e+00 -7.57092553e-03 
-1.75000000e+00 -7.38637702e-01 -1.75000000e+00 -1.01136230e-02 -1.75000000e+00 -7.47030324e-03 
-1.74000000e+00 -7.28833223e-01 -1.74000000e+00 -1.01116678e-02 -1.74000000e+00 -7.36971941e-03 
-1.73000000e+00 -7.19028801e-01 -1.73000000e+00 -1.01097120e-02 -1.73000000e+00 -7.26917409e-03 
-1.72000000e+00 -7.09224443e-01 -1.72000000e+00 -1.01077556e-02 -1.72000000e+00 -7.16866731e-03 
-1.71000000e+00 -6.99420156e-01 -1.71000000e+00 -1.01057984e-02 -1.71000000e+00 -7.06819912e-03 
-1.70000000e+00 -6.89615950e-01 -1.70000000e+00 -1.01038405e-02 -1.70000000e+00 -6.96776956e-03 
-1.69000000e+00 -6.79811835e-01 -1.69000000e+00 -1.01018816e-02 -1.69000000e+00 -6.86737870e-03 
-1.68000000e+00 -6.70007824e-01 -1.68000000e+00 -1.00999218e-02 -1.68000000e+00 -6.76702660e-03 
-1.67000000e+00 -6.60203932e-01 -1.67000000e+00 -1.00979607e-02 -1.67000000e+00 -6.66671335e-03 
-1.66000000e+00 -6.50400176e-01 -1.66000000e+00 -1.00959982e-02 -1.66000000e+00 -6.56643903e-03 
-1.65000000e+00 -6.40596575e-01 -1.65000000e+00 -1.00940342e-02 -1.65000000e+00 -6.46620377e-03 
-1.64000000e+00 -6.30793154e-01 -1.64000000e+00 -1.00920685e-02 -1.64000000e+00 -6.36600769e-03 
-1.63000000e+00 -6.20989941e-01 -1.63000000e+00 -1.00901006e-02 -1.63000000e+00 -6.26585097e-03 
-1.62000000e+00 -6.11186969e-01 -1.62000000e+00 -1.00881303e-02 -1.62000000e+00 -6.16573379e-03 
-1.61000000e+00 -6.01384280e-01 -1.61000000e+00 -1.00861572e-02 -1.61000000e+00 -6.06565638e-03 
-1.60000000e+00 -5.91581922e-01 -1.60000000e+00 -1.00841808e-02 -1.60000000e+00 -5.96561905e-03 
-1.59000000e+00 -5.81779955e-01 -1.59000000e+00 -1.00822004e-02 -1.59000000e+00 -5.86562212e-03 
-1.58000000e+00 -5.71978453e-01 -1.58000000e+00 -1.00802155e-02 -1.58000000e+00 -5.76566605e-03 
-1.57000000e+00 -5.62177506e-01 -1.57000000e+00 -1.00782249e-02 -1.57000000e+00 -5.66575136e-03 
-1.56000000e+00 -5.52377225e-01 -1.56000000e+00 -1.00762278e-02 -1.56000000e+00 -5.56587872e-03 
-1.55000000e+00 -5.42577751e-01 -1.55000000e+00 -1.00742225e-02 -1.55000000e+00 -5.46604898e-03 
-1.54000000e+00 -5.32779262e-01 -1.54000000e+00 -1.00722074e-02 -1.54000000e+00 -5.36626322e-03 
-1.53000000e+00 -5.22981983e-01 -1.53000000e+00 -1.00701802e-02 -1.53000000e+00 -5.26652280e-03 
-1.52000000e+00 -5.13186206e-01 -1.52000000e+00 -1.00681379e-02 -1.52000000e+00 -5.16682951e-03 
-1.51000000e+00 -5.03392310e-01 -1.51000000e+00 -1.00660769e-02 -1.51000000e+00 -5.06718570e-03 
-1.50000000e+00 -4.93600794e-01 -1.50000000e+00 -1.00639921e-02 -1.50000000e+00 -4.96759447e-03 
-1.49000000e+00 -4.83812325e-01 -1.49000000e+00 -1.00618768e-02 -1.49000000e+00 -4.86805998e-03 
-1.48000000e+00 -4.74027762e-01 -1.48000000e+00 -1.00597224e-02 -1.48000000e+00 -4.76858768e-03 
-1.47000000e+00 -4.64247234e-01 -1.47000000e+00 -1.00575277e-02 -1.47000000e+00 -4.66917940e-03 
-1.46000000e+00 -4.54471139e-01 -1.46000000e+00 -1.00552886e-02 -1.46000000e+00 -4.56983846e-03 
-1.45000000e+00 -4.44700269e-01 -1.45000000e+00 -1.00529973e-02 -1.45000000e+00 -4.47057061e-03 
-1.44000000e+00 -4.34935559e-01 -1.44000000e+00 -1.00506444e-02 -1.44000000e+00 -4.37138264e-03 
-1.43000000e+00 -4.25178102e-01 -1.43000000e+00 -1.00482190e-02 -1.43000000e+00 -4.27228267e-03 
-1.42000000e+00 -4.15429182e-01 -1.42000000e+00 -1.00457082e-02 -1.42000000e+00 -4.17328033e-03 
-1.41000000e+00 -4.05690303e-01 -1.41000000e+00 -1.00430970e-02 -1.41000000e+00 -4.07438705e-03 
-1.40000000e+00 -3.95963223e-01 -1.40000000e+00 -1.00403678e-02 -1.40000000e+00 -3.97561638e-03 
-1.39000000e+00 -3.86249994e-01 -1.39000000e+00 -1.00375001e-02 -1.39000000e+00 -3.87698433e-03 
-1.38000000e+00 -3.76553002e-01 -1.38000000e+00 -1.00344700e-02 -1.38000000e+00 -3.77850980e-03 
-1.37000000e+00 -3.66875022e-01 -1.37000000e+00 -1.00312498e-02 -1.37000000e+00 -3.68021498e-03 
-1.36000000e+00 -3.57219261e-01 -1.36000000e+00 -1.00278074e-02 -1.36000000e+00 -3.58212595e-03 
-1.35000000e+00 -3.47589421e-01 -1.35000000e+00 -1.00241058e-02 -1.35000000e+00 -3.48427313e-03 
-1.34000000e+00 -3.37989750e-01 -1.34000000e+00 -1.00201025e-02 -1.34000000e+00 -3.38669194e-03 
-1.33000000e+00 -3.28425102e-01 -1.33000000e+00 -1.00157490e-02 -1.33000000e+00 -3.28942338e-03 
-1.32000000e+00 -3.18900991e-01 -1.32000000e+00 -1.00109901e-02 -1.32000000e+00 -3.19251466e-03 
-1.31000000e+00 -3.09423635e-01 -1.31000000e+00 -1.00057636e-02 -1.31000000e+00 -3.09601976e-03 
-1.30000000e+00 -2.99999998e-01 -1.30000000e+00 -1.00000000e-02 -1.30000000e+00 -2.99999999e-03 
-1.29000000e+00 -2.90637805e-01 -1.29000000e+00 -9.99362195e-03 -1.29000000e+00 -2.90452435e-03 
-1.28000000e+00 -2.81345537e-01 -1.28000000e+00 -9.98654463e-03 -1.28000000e+00 -2.80966976e-03 
-1.27000000e+00 -2.72132398e-01 -1.27000000e+00 -9.97867602e-03 -1.27000000e+00 -2.71552103e-03 
-1.26000000e+00 -2.63008244e-01 -1.26000000e+00 -9.96991756e-03 -1.26000000e+00 -2.62217051e-03 
-1.25000000e+00 -2.53983464e-01 -1.25000000e+00 -9.96016536e-03 -1.25000000e+00 -2.52971730e-03 
-1.24000000e+00 -2.45068827e-01 -1.24000000e+00 -9.94931173e-03 -1.24000000e+00 -2.43826616e-03 
-1.23000000e+00 -2.36275273e-01 -1.23000000e+00 -9.93724727e-03 -1.23000000e+00 -2.34792581e-03 
-1.22000000e+00 -2.27613670e-01 -1.22000000e+00 -9.92386330e-03 -1.22000000e+00 -2.25880695e-03 
-1.21000000e+00 -2.19094544e-01 -1.21000000e+00 -9.90905456e-03 -1.21000000e+00 -2.17101979e-03 
-1.20000000e+00 -2.10727789e-01 -1.20000000e+00 -9.89272211e-03 -1.20000000e+00 -2.08467146e-03 
-1.19000000e+00 -2.02522390e-01 -1.19000000e+00 -9.87477610e-03 -1.19000000e+00 -1.99986326e-03 
-1.18000000e+00 -1.94486161e-01 -1.18000000e+00 -9.85513839e-03 -1.18000000e+00 -1.91668803e-03 
-1.17000000e+00 -1.86625534e-01 -1.17000000e+00 -9.83374466e-03 -1.17000000e+00 -1.83522785e-03 
-1.16000000e+00 -1.78945406e-01 -1.16000000e+00 -9.81054594e-03 -1.16000000e+00 -1.75555213e-03 
-1.15000000e+00 -1.71449051e-01 -1.15000000e+00 -9.78550949e-03 -1.15000000e+00 -1.67771631e-03 
-1.14000000e+00 -1.64138108e-01 -1.14000000e+00 -9.75861892e-03 -1.14000000e+00 -1.60176124e-03 
-1.13000000e+00 -1.57012633e-01 -1.13000000e+00 -9.72987367e-03 -1.13000000e+00 -1.52771308e-03 
-1.12000000e+00 -1.50071210e-01 -1.12000000e+00 -9.69928790e-03 -1.12000000e+00 -1.45558387e-03 
-1.11000000e+00 -1.43311104e-01 -1.11000000e+00 -9.66688896e-03 -1.11000000e+00 -1.38537253e-03 
-1.10000000e+00 -1.36728442e-01 -1.10000000e+00 -9.63271558e-03 -1.10000000e+00 -1.31706619e-03 
-1.09000000e+00 -1.30318413e-01 -1.09000000e+00 -9.59681587e-03 -1.09000000e+00 -1.25064182e-03 
-1.08000000e+00 -1.24075464e-01 -1.08000000e+00 -9.55924536e-03 -1.08000000e+00 -1.18606780e-03 
-1.07000000e+00 -1.17993485e-01 -1.07000000e+00 -9.52006515e-03 -1.07000000e+00 -1.12330567e-03 
-1.06000000e+00 -1.12065990e-01 -1.06000000e+00 -9.47934010e-03 -1.06000000e+00 -1.06231164e-03 
-1.05000000e+00 -1.06286262e-01 -1.05000000e+00 -9.43713738e-03 -1.05000000e+00 -1.00303805e-03 
-1.04000000e+00 -1.00647484e-01 -1.04000000e+00 -9.39352516e-03 -1.04000000e+00 -9.45434672e-04 
-1.03000000e+00 -9.51428489e-02 -1.03000000e+00 -9.34857151e-03 -1.03000000e+00 -8.89449726e-04 
-1.02000000e+00 -8.97656436e-02 -1.02000000e+00 -9.30234356e-03 -1.02000000e+00 -8.35030857e-04 
-1.01000000e+00 -8.45093150e-02 -1.01000000e+00 -9.25490685e-03 -1.01000000e+00 -7.82125839e-04 
-1.00000000e+00 -7.93675205e-02 -1.00000000e+00 -9.20632480e-03 -1.00000000e+00 -7.30683172e-04 
-9.90000000e-01 -7.43341622e-02 -9.90000000e-01 -9.15665838e-03 -9.90000000e-01 -6.80652529e-04 
-9.80000000e-01 -6.94034106e-02 -9.80000000e-01 -9.10596589e-03 -9.80000000e-01 -6.31985090e-04 
-9.70000000e-01 -6.45697180e-02 -9.70000000e-01 -9.05430282e-03 -9.70000000e-01 -5.84633780e-04 
-9.60000000e-01 -5.98278242e-02 -9.60000000e-01 -9.00172176e-03 -9.60000000e-01 -5.38553427e-04 
-9.50000000e-01 -5.51727564e-02 -9.50000000e-01 -8.94827244e-03 -9.50000000e-01 -4.93700855e-04 
-9.40000000e-01 -5.05998246e-02 -9.40000000e-01 -8.89400175e-03 -9.40000000e-01 -4.50034929e-04 
-9.30000000e-01 -4.61046140e-02 -9.30000000e-01 -8.83895386e-03 -9.30000000e-01 -4.07516556e-04 
-9.20000000e-01 -4.16829746e-02 -9.20000000e-01 -8.78317025e-03 -9.20000000e-01 -3.66108663e-04 
-9.10000000e-01 -3.73310099e-02 -9.10000000e-01 -8.72668990e-03 -9.10000000e-01 -3.25776147e-04 
-9.00000000e-01 -3.30450639e-02 -9.00000000e-01 -8.66954936e-03 -9.00000000e-01 -2.86485813e-04 
-8.90000000e-01 -2.88217085e-02 -8.90000000e-01 -8.61178292e-03 -8.90000000e-01 -2.48206297e-04 
-8.80000000e-01 -2.46577300e-02 -8.80000000e-01 -8.55342270e-03 -8.80000000e-01 -2.10907987e-04 
-8.70000000e-01 -2.05501164e-02 -8.70000000e-01 -8.49449884e-03 -8.70000000e-01 -1.74562940e-04 
-8.60000000e-01 -1.64960444e-02 -8.60000000e-01 -8.43503956e-03 -8.60000000e-01 -1.39144787e-04 
-8.50000000e-01 -1.24928676e-02 -8.50000000e-01 -8.37507132e-03 -8.50000000e-01 -1.04628657e-04 
-8.40000000e-01 -8.53810437e-03 -8.40000000e-01 -8.31461896e-03 -8.40000000e-01 -7.09910845e-05 
-8.30000000e-01 -4.62942720e-03 -8.30000000e-01 -8.25370573e-03 -8.30000000e-01 -3.82099298e-05 
-8.20000000e-01 -7.64651940e-04 -8.20000000e-01 -8.19235348e-03 -8.20000000e-01 -6.26429898e-06 
-8.10000000e-01  3.05827185e-03 -8.10000000e-01 -8.13058272e-03 -8.10000000e-01  2.48655322e-05 
-8.00000000e-01  6.84127015e-03 -8.00000000e-01 -8.06841270e-03 -8.00000000e-01  5.51981909e-05 
-7.90000000e-01  1.05861530e-02 -7.90000000e-01 -8.00586153e-03 -7.90000000e-01  8.47512755e-05 
-7.80000000e-01  1.42946228e-02 -7.80000000e-01 -7.94294623e-03 -7.80000000e-01  1.13541420e-04 
-7.70000000e-01  1.79682810e-02 -7.70000000e-01 -7.87968281e-03 -7.70000000e-01  1.41584355e-04 
-7.60000000e-01  2.16086361e-02 -7.60000000e-01 -7.81608636e-03 -7.60000000e-01  1.68894966e-04 
-7.50000000e-01  2.52171091e-02 -7.50000000e-01 -7.75217109e-03 -7.50000000e-01  1.95487344e-04 
-7.40000000e-01  2.87950398e-02 -7.40000000e-01 -7.68795040e-03 -7.40000000e-01  2.21374838e-04 
-7.30000000e-01  3.23436925e-02 -7.30000000e-01 -7.62343693e-03 -7.30000000e-01  2.46570100e-04 
-7.20000000e-01  3.58642609e-02 -7.20000000e-01 -7.55864261e-03 -7.20000000e-01  2.71085131e-04 
-7.10000000e-01  3.93578728e-02 -7.10000000e-01 -7.49357873e-03 -7.10000000e-01  2.94931318e-04 
-7.00000000e-01  4.28255944e-02 -7.00000000e-01 -7.42825594e-03 -7.00000000e-01  3.18119476e-04 
-6.90000000e-01  4.62684346e-02 -6.90000000e-01 -7.36268435e-03 -6.90000000e-01  3.40659879e-04 
-6.80000000e-01  4.96873488e-02 -6.80000000e-01 -7.29687349e-03 -6.80000000e-01  3.62562298e-04 
-6.70000000e-01  5.30832418e-02 -6.70000000e-01 -7.23083242e-03 -6.70000000e-01  3.83836025e-04 
-6.60000000e-01  5.64569717e-02 -6.60000000e-01 -7.16456972e-03 -6.60000000e-01  4.04489910e-04 
-6.50000000e-01  5.98093527e-02 -6.50000000e-01 -7.09809353e-03 -6.50000000e-01  4.24532379e-04 
-6.40000000e-01  6.31411574e-02 -6.40000000e-01 -7.03141157e-03 -6.40000000e-01  4.43971465e-04 
-6.30000000e-01  6.64531201e-02 -6.30000000e-01 -6.96453120e-03 -6.30000000e-01  4.62814829e-04 
-6.20000000e-01  6.97459388e-02 -6.20000000e-01 -6.89745939e-03 -6.20000000e-01  4.81069780e-04 
-6.10000000e-01  7.30202772e-02 -6.10000000e-01 -6.83020277e-03 -6.10000000e-01  4.98743300e-04 
-6.00000000e-01  7.62767672e-02 -6.00000000e-01 -6.76276767e-03 -6.00000000e-01  5.15842056e-04 
-5.90000000e-01  7.95160108e-02 -5.90000000e-01 -6.69516011e-03 -5.90000000e-01  5.32372423e-04 
-5.80000000e-01  8.27385812e-02 -5.80000000e-01 -6.62738581e-03 -5.80000000e-01  5.48340499e-04 
-5.70000000e-01  8.59450255e-02 -5.70000000e-01 -6.55945026e-03 -5.70000000e-01  5.63752120e-04 
-5.60000000e-01  8.91358655e-02 -5.60000000e-01 -6.49135865e-03 -5.60000000e-01  5.78612872e-04 
-5.50000000e-01  9.23115992e-02 -5.50000000e-01 -6.42311599e-03 -5.50000000e-01  5.92928109e-04 
-5.40000000e-01  9.54727024e-02 -5.40000000e-01 -6.35472702e-03 -5.40000000e-01  6.06702962e-04 
-5.30000000e-01  9.86196301e-02 -5.30000000e-01 -6.28619630e-03 -5.30000000e-01  6.19942354e-04 
-5.20000000e-01  1.01752817e-01 -5.20000000e-01 -6.21752817e-03 -5.20000000e-01  6.32651006e-04 
-5.10000000e-01  1.04872679e-01 -5.10000000e-01 -6.14872679e-03 -5.10000000e-01  6.44833453e-04 
-5.00000000e-01  1.07979615e-01 -5.00000000e-01 -6.07979615e-03 -5.00000000e-01  6.56494049e-04 
-4.90000000e-01  1.11074006e-01 -4.90000000e-01 -6.01074006e-03 -4.90000000e-01  6.67636980e-04 
-4.80000000e-01  1.14156218e-01 -4.80000000e-01 -5.94156218e-03 -4.80000000e-01  6.78266270e-04 
-4.70000000e-01  1.17226602e-01 -4.70000000e-01 -5.87226602e-03 -4.70000000e-01  6.88385790e-04 
-4.60000000e-01  1.20285493e-01 -4.60000000e-01 -5.80285493e-03 -4.60000000e-01  6.97999264e-04 
-4.50000000e-01  1.23333214e-01 -4.50000000e-01 -5.73333214e-03 -4.50000000e-01  7.07110280e-04 
-4.40000000e-01  1.26370075e-01 -4.40000000e-01 -5.66370075e-03 -4.40000000e-01  7.15722292e-04 
-4.30000000e-01  1.29396375e-01 -4.30000000e-01 -5.59396375e-03 -4.30000000e-01  7.23838629e-04 
-4.20000000e-01  1.32412398e-01 -4.20000000e-01 -5.52412398e-03 -4.20000000e-01  7.31462502e-04 
-4.10000000e-01  1.35418420e-01 -4.10000000e-01 -5.45418420e-03 -4.10000000e-01  7.38597005e-04 
-4.00000000e-01  1.38414705e-01 -4.00000000e-01 -5.38414705e-03 -4.00000000e-01  7.45245125e-04 
-3.90000000e-01  1.41401508e-01 -3.90000000e-01 -5.31401508e-03 -3.90000000e-01  7.51409747e-04 
-3.80000000e-01  1.44379074e-01 -3.80000000e-01 -5.24379074e-03 -3.80000000e-01  7.57093654e-04 
-3.70000000e-01  1.47347640e-01 -3.70000000e-01 -5.17347640e-03 -3.70000000e-01  7.62299535e-04 
-3.60000000e-01  1.50307431e-01 -3.60000000e-01 -5.10307431e-03 -3.60000000e-01  7.67029991e-04 
-3.50000000e-01  1.53258668e-01 -3.50000000e-01 -5.03258668e-03 -3.50000000e-01  7.71287534e-04 
-3.40000000e-01  1.56201563e-01 -3.40000000e-01 -4.96201563e-03 -3.40000000e-01  7.75074595e-04 
-3.30000000e-01  1.59136318e-01 -3.30000000e-01 -4.89136318e-03 -3.30000000e-01  7.78393525e-04 
-3.20000000e-01  1.62063130e-01 -3.20000000e-01 -4.82063130e-03 -3.20000000e-01  7.81246600e-04 
-3.10000000e-01  1.64982191e-01 -3.10000000e-01 -4.74982191e-03 -3.10000000e-01  7.83636024e-04 
-3.00000000e-01  1.67893682e-01 -3.00000000e-01 -4.67893682e-03 -3.00000000e-01  7.85563930e-04 
-2.90000000e-01  1.70797781e-01 -2.90000000e-01 -4.60797781e-03 -2.90000000e-01  7.87032386e-04 
-2.80000000e-01  1.73694660e-01 -2.80000000e-01 -4.53694660e-03 -2.80000000e-01  7.88043396e-04 
-2.70000000e-01  1.76584483e-01 -2.70000000e-01 -4.46584483e-03 -2.70000000e-01  7.88598903e-04 
-2.60000000e-01  1.79467412e-01 -2.60000000e-01 -4.39467412e-03 -2.60000000e-01  7.88700790e-04 
-2.50000000e-01  1.82343600e-01 -2.50000000e-01 -4.32343600e-03 -2.50000000e-01  7.88350885e-04 
-2.40000000e-01  1.85213198e-01 -2.40000000e-01 -4.25213198e-03 -2.40000000e-01  7.87550963e-04 
-2.30000000e-01  1.88076351e-01 -2.30000000e-01 -4.18076351e-03 -2.30000000e-01  7.86302743e-04 
-2.20000000e-01  1.90933198e-01 -2.20000000e-01 -4.10933198e-03 -2.20000000e-01  7.84607899e-04 
-2.10000000e-01  1.93783877e-01 -2.10000000e-01 -4.03783877e-03 -2.10000000e-01  7.82468053e-04 
-2.00000000e-01  1.96628519e-01 -2.00000000e-01 -3.96628519e-03 -2.00000000e-01  7.79884783e-04 
-1.90000000e-01  1.99467251e-01 -1.90000000e-01 -3.89467251e-03 -1.90000000e-01  7.76859622e-04 
-1.80000000e-01  2.02300198e-01 -1.80000000e-01 -3.82300198e-03 -1.80000000e-01  7.73394060e-04 
-1.70000000e-01  2.05127480e-01 -1.70000000e-01 -3.75127480e-03 -1.70000000e-01  7.69489547e-04 
-1.60000000e-01  2.07949213e-01 -1.60000000e-01 -3.67949213e-03 -1.60000000e-01  7.65147491e-04 
-1.50000000e-01  2.10765510e-01 -1.50000000e-01 -3.60765510e-03 -1.50000000e-01  7.60369264e-04 
-1.40000000e-01  2.13576480e-01 -1.40000000e-01 -3.53576480e-03 -1.40000000e-01  7.55156201e-04 
-1.30000000e-01  2.16382231e-01 -1.30000000e-01 -3.46382231e-03 -1.30000000e-01  7.49509599e-04 
-1.20000000e-01  2.19182865e-01 -1.20000000e-01 -3.39182865e-03 -1.20000000e-01  7.43430724e-04 
-1.10000000e-01  2.21978484e-01 -1.10000000e-01 -3.31978484e-03 -1.10000000e-01  7.36920807e-04 
-1.00000000e-01  2.24769184e-01 -1.00000000e-01 -3.24769184e-03 -1.00000000e-01  7.29981047e-04 
-9.00000000e-02  2.27555061e-01 -9.00000000e-02 -3.17555061e-03 -9.00000000e-02  7.22612615e-04 
-8.00000000e-02  2.30336207e-01 -8.00000000e-02 -3.10336207e-03 -8.00000000e-02  7.14816648e-04 
-7.00000000e-02  2.33112711e-01 -7.00000000e-02 -3.03112711e-03 -7.00000000e-02  7.06594257e-04 
-6.00000000e-02  2.35884660e-01 -6.00000000e-02 -2.95884660e-03 -6.00000000e-02  6.97946526e-04 
-5.00000000e-02  2.38652140e-01 -5.00000000e-02 -2.88652140e-03 -5.00000000e-02  6.88874510e-04 
-4.00000000e-02  2.41415233e-01 -4.00000000e-02 -2.81415233e-03 -4.00000000e-02  6.79379238e-04 
-3.00000000e-02  2.44174018e-01 -3.00000000e-02 -2.74174018e-03 -3.00000000e-02  6.69461717e-04 
-2.00000000e-02  2.46928575e-01 -2.00000000e-02 -2.66928575e-03 -2.00000000e-02  6.59122927e-04 
-1.00000000e-02  2.49678979e-01 -1.00000000e-02 -2.59678979e-03 -1.00000000e-02  6.48363825e-04 
 1.64104841e-15  2.52425305e-01  1.64104841e-15 -2.52425305e-03  1.64104841e-15  6.37185345e-04 
 1.00000000e-02  2.55167624e-01  1.00000000e-02 -2.45167624e-03  1.00000000e-02  6.25588401e-04 
 2.00000000e-02  2.57906007e-01  2.00000000e-02 -2.37906007e-03  2.00000000e-02  6.13573883e-04 
 3.00000000e-02  2.60640523e-01  3.00000000e-02 -2.30640523e-03  3.00000000e-02  6.01142663e-04 
 4.00000000e-02  2.63371237e-01  4.00000000e-02 -2.23371237e-03  4.00000000e-02  5.88295591e-04 
 5.00000000e-02  2.66098216e-01  5.00000000e-02 -2.16098216e-03  5.00000000e-02  5.75033499e-04 
 6.00000000e-02  2.68821523e-01  6.00000000e-02 -2.08821523e-03  6.00000000e-02  5.61357200e-04 
 7.00000000e-02  2.71541220e-01  7.00000000e-02 -2.01541220e-03  7.00000000e-02  5.47267487e-04 
 8.00000000e-02  2.74257367e-01  8.00000000e-02 -1.94257367e-03  8.00000000e-02  5.32765138e-04 
 9.00000000e-02  2.76970022e-01  9.00000000e-02 -1.86970022e-03  9.00000000e-02  5.17850913e-04 
 1.00000000e-01  2.79679245e-01  1.00000000e-01 -1.79679245e-03  1.00000000e-01  5.02525554e-04 
 1.10000000e-01  2.82385090e-01  1.10000000e-01 -1.72385090e-03  1.10000000e-01  4.86789790e-04 
 1.20000000e-01  2.85087612e-01  1.20000000e-01 -1.65087612e-03  1.20000000e-01  4.70644331e-04 
 1.30000000e-01  2.87786865e-01  1.30000000e-01 -1.57786865e-03  1.30000000e-01  4.54089873e-04 
 1.40000000e-01  2.90482902e-01  1.40000000e-01 -1.50482902e-03  1.40000000e-01  4.37127099e-04 
 1.50000000e-01  2.93175772e-01  1.50000000e-01 -1.43175772e-03  1.50000000e-01  4.19756675e-04 
 1.60000000e-01  2.95865527e-01  1.60000000e-01 -1.35865527e-03  1.60000000e-01  4.01979256e-04 
 1.70000000e-01  2.98552214e-01  1.70000000e-01 -1.28552214e-03  1.70000000e-01  3.83795480e-04 
 1.80000000e-01  3.01235881e-01  1.80000000e-01 -1.21235881e-03  1.80000000e-01  3.65205974e-04 
 1.90000000e-01  3.03916575e-01  1.90000000e-01 -1.13916575e-03  1.90000000e-01  3.46211353e-04 
 2.00000000e-01  3.06594341e-01  2.00000000e-01 -1.06594341e-03  2.00000000e-01  3.26812218e-04 
 2.10000000e-01  3.09269224e-01  2.10000000e-01 -9.92692238e-04  2.10000000e-01  3.07009158e-04 
 2.20000000e-01  3.11941267e-01  2.20000000e-01 -9.19412665e-04  2.20000000e-01  2.86802751e-04 
 2.30000000e-01  3.14610512e-01  2.30000000e-01 -8.46105118e-04  2.30000000e-01  2.66193564e-04 
 2.40000000e-01  3.17277001e-01  2.40000000e-01 -7.72770010e-04  2.40000000e-01  2.45182151e-04 
 2.50000000e-01  3.19940775e-01  2.50000000e-01 -6.99407750e-04  2.50000000e-01  2.23769058e-04 
 2.60000000e-01  3.22601873e-01  2.60000000e-01 -6.26018735e-04  2.60000000e-01  2.01954817e-04 
 2.70000000e-01  3.25260335e-01  2.70000000e-01 -5.52603354e-04  2.70000000e-01  1.79739952e-04 
 2.80000000e-01  3.27916199e-01  2.80000000e-01 -4.79161987e-04  2.80000000e-01  1.57124977e-04 
 2.90000000e-01  3.30569501e-01  2.90000000e-01 -4.05695009e-04  2.90000000e-01  1.34110397e-04 
 3.00000000e-01  3.33220278e-01  3.00000000e-01 -3.32202784e-04  3.00000000e-01  1.10696704e-04 
 3.10000000e-01  3.35868567e-01  3.10000000e-01 -2.58685670e-04  3.10000000e-01  8.68843851e-05 
 3.20000000e-01  3.38514402e-01  3.20000000e-01 -1.85144015e-04  3.20000000e-01  6.26739156e-05 
 3.30000000e-01  3.41157816e-01  3.30000000e-01 -1.11578165e-04  3.30000000e-01  3.80657630e-05 
 3.40000000e-01  3.43798845e-01  3.40000000e-01 -3.79884530e-05  3.40000000e-01  1.30603863e-05 
 3.50000000e-01  3.46437521e-01  3.50000000e-01  3.56247906e-05  3.50000000e-01 -1.23417641e-05 
 3.60000000e-01  3.49073876e-01  3.60000000e-01  1.09261244e-04  3.60000000e-01 -3.81402458e-05 
 3.70000000e-01  3.51707941e-01  3.70000000e-01  1.82920591e-04  3.70000000e-01 -6.43346243e-05 
 3.80000000e-01  3.54339748e-01  3.80000000e-01  2.56602522e-04  3.80000000e-01 -9.09244729e-05 
 3.90000000e-01  3.56969327e-01  3.90000000e-01  3.30306734e-04  3.90000000e-01 -1.17909372e-04 
 4.00000000e-01  3.59596707e-01  4.00000000e-01  4.04032929e-04  4.00000000e-01 -1.45288911e-04 
 4.10000000e-01  3.62221918e-01  4.10000000e-01  4.77780816e-04  4.10000000e-01 -1.73062684e-04 
 4.20000000e-01  3.64844989e-01  4.20000000e-01  5.51550109e-04  4.20000000e-01 -2.01230294e-04 
 4.30000000e-01  3.67465947e-01  4.30000000e-01  6.25340527e-04  4.30000000e-01 -2.29791349e-04 
 4.40000000e-01  3.70084820e-01  4.40000000e-01  6.99151796e-04  4.40000000e-01 -2.58745467e-04 
 4.50000000e-01  3.72701635e-01  4.50000000e-01  7.72983645e-04  4.50000000e-01 -2.88092269e-04 
 4.60000000e-01  3.75316419e-01  4.60000000e-01  8.46835811e-04  4.60000000e-01 -3.17831384e-04 
 4.70000000e-01  3.77929197e-01  4.70000000e-01  9.20708033e-04  4.70000000e-01 -3.47962447e-04 
 4.80000000e-01  3.80539994e-01  4.80000000e-01  9.94600056e-04  4.80000000e-01 -3.78485100e-04 
 4.90000000e-01  3.83148837e-01  4.90000000e-01  1.06851163e-03  4.90000000e-01 -4.09398989e-04 
 5.00000000e-01  3.85755749e-01  5.00000000e-01  1.14244251e-03  5.00000000e-01 -4.40703767e-04 
 5.10000000e-01  3.88360754e-01  5.10000000e-01  1.21639246e-03  5.10000000e-01 -4.72399093e-04 
 5.20000000e-01  3.90963876e-01  5.20000000e-01  1.29036124e-03  5.20000000e-01 -5.04484631e-04 
 5.30000000e-01  3.93565139e-01  5.30000000e-01  1.36434861e-03  5.30000000e-01 -5.36960050e-04 
 5.40000000e-01  3.96164565e-01  5.40000000e-01  1.43835435e-03  5.40000000e-01 -5.69825026e-04 
 5.50000000e-01  3.98762176e-01  5.50000000e-01  1.51237824e-03  5.50000000e-01 -6.03079237e-04 
 5.60000000e-01  4.01357995e-01  5.60000000e-01  1.58642005e-03  5.60000000e-01 -6.36722370e-04 
 5.70000000e-01  4.03952043e-01  5.70000000e-01  1.66047957e-03  5.70000000e-01 -6.70754115e-04 
 5.80000000e-01  4.06544341e-01  5.80000000e-01  1.73455659e-03  5.80000000e-01 -7.05174166e-04 
 5.90000000e-01  4.09134910e-01  5.90000000e-01  1.80865090e-03  5.90000000e-01 -7.39982223e-04 
 6.00000000e-01  4.11723771e-01  6.00000000e-01  1.88276229e-03  6.00000000e-01 -7.75177990e-04 
 6.10000000e-01  4.14310943e-01  6.10000000e-01  1.95689057e-03  6.10000000e-01 -8.10761177e-04 
 6.20000000e-01  4.16896447e-01  6.20000000e-01  2.03103553e-03  6.20000000e-01 -8.46731496e-04 
 6.30000000e-01  4.19480302e-01  6.30000000e-01  2.10519698e-03  6.30000000e-01 -8.83088665e-04 
 6.40000000e-01  4.22062526e-01  6.40000000e-01  2.17937474e-03  6.40000000e-01 -9.19832407e-04 
 6.50000000e-01  4.24643140e-01  6.50000000e-01  2.25356860e-03  6.50000000e-01 -9.56962447e-04 
 6.60000000e-01  4.27222160e-01  6.60000000e-01  2.32777840e-03  6.60000000e-01 -9.94478516e-04 
 6.70000000e-01  4.29799606e-01  6.70000000e-01  2.40200394e-03  6.70000000e-01 -1.03238035e-03 
 6.80000000e-01  4.32375495e-01  6.80000000e-01  2.47624505e-03  6.80000000e-01 -1.07066768e-03 
 6.90000000e-01  4.34949845e-01  6.90000000e-01  2.55050155e-03  6.90000000e-01 -1.10934025e-03 
 7.00000000e-01  4.37522672e-01  7.00000000e-01  2.62477328e-03  7.00000000e-01 -1.14839782e-03 
 7.10000000e-01  4.40093994e-01  7.10000000e-01  2.69906006e-03  7.10000000e-01 -1.18784012e-03 
 7.20000000e-01  4.42663828e-01  7.20000000e-01  2.77336172e-03  7.20000000e-01 -1.22766691e-03 
 7.30000000e-01  4.45232190e-01  7.30000000e-01  2.84767810e-03  7.30000000e-01 -1.26787796e-03 
 7.40000000e-01  4.47799096e-01  7.40000000e-01  2.92200904e-03  7.40000000e-01 -1.30847301e-03 
 7.50000000e-01  4.50364562e-01  7.50000000e-01  2.99635438e-03  7.50000000e-01 -1.34945183e-03 
 7.60000000e-01  4.52928603e-01  7.60000000e-01  3.07071397e-03  7.60000000e-01 -1.39081419e-03 
 7.70000000e-01  4.55491236e-01  7.70000000e-01  3.14508764e-03  7.70000000e-01 -1.43255986e-03 
 7.80000000e-01  4.58052475e-01  7.80000000e-01  3.21947525e-03  7.80000000e-01 -1.47468861e-03 
 7.90000000e-01  4.60612334e-01  7.90000000e-01  3.29387666e-03  7.90000000e-01 -1.51720022e-03 
 8.00000000e-01  4.63170829e-01  8.00000000e-01  3.36829171e-03  8.00000000e-01 -1.56009446e-03 
 8.10000000e-01  4.65727975e-01  8.10000000e-01  3.44272025e-03  8.10000000e-01 -1.60337113e-03 
 8.20000000e-01  4.68283784e-01  8.20000000e-01  3.51716216e-03  8.20000000e-01 -1.64703000e-03 
 8.30000000e-01  4.70838272e-01  8.30000000e-01  3.59161728e-03  8.30000000e-01 -1.69107087e-03 
 8.40000000e-01  4.73391452e-01  8.40000000e-01  3.66608548e-03  8.40000000e-01 -1.73549353e-03 
 8.50000000e-01  4.75943338e-01  8.50000000e-01  3.74056662e-03  8.50000000e-01 -1.78029776e-03 
 8.60000000e-01  4.78493942e-01  8.60000000e-01  3.81506058e-03  8.60000000e-01 -1.82548338e-03 
 8.70000000e-01  4.81043279e-01  8.70000000e-01  3.88956721e-03  8.70000000e-01 -1.87105016e-03 
 8.80000000e-01  4.83591360e-01  8.80000000e-01  3.96408640e-03  8.80000000e-01 -1.91699793e-03 
 8.90000000e-01  4.86138200e-01  8.90000000e-01  4.03861800e-03  8.90000000e-01 -1.96332649e-03 
 9.00000000e-01  4.88683809e-01  9.00000000e-01  4.11316191e-03  9.00000000e-01 -2.01003563e-03 
 9.10000000e-01  4.91228202e-01  9.10000000e-01  4.18771798e-03  9.10000000e-01 -2.05712517e-03 
 9.20000000e-01  4.93771389e-01  9.20000000e-01  4.26228611e-03  9.20000000e-01 -2.10459493e-03 
 9.30000000e-01  4.96313383e-01  9.30000000e-01  4.33686617e-03  9.30000000e-01 -2.15244472e-03 
 9.40000000e-01  4.98854196e-01  9.40000000e-01  4.41145804e-03  9.40000000e-01 -2.20067435e-03 
 9.50000000e-01  5.01393840e-01  9.50000000e-01  4.48606160e-03  9.50000000e-01 -2.24928365e-03 
 9.60000000e-01  5.03932325e-01  9.60000000e-01  4.56067675e-03  9.60000000e-01 -2.29827244e-03 
 9.70000000e-01  5.06469663e-01  9.70000000e-01  4.63530337e-03  9.70000000e-01 -2.34764054e-03 
 9.80000000e-01  5.09005866e-01  9.80000000e-01  4.70994134e-03  9.80000000e-01 -2.39738777e-03 
 9.90000000e-01  5.11540944e-01  9.90000000e-01  4.78459056e-03  9.90000000e-01 -2.44751397e-03 
 1.00000000e+00  5.14074909e-01  1.00000000e+00  4.85925091e-03  1.00000000e+00 -2.49801897e-03 
 1.01000000e+00  5.16607770e-01  1.01000000e+00  4.93392230e-03  1.01000000e+00 -2.54890260e-03 
 1.02000000e+00  5.19139539e-01  1.02000000e+00  5.00860461e-03  1.02000000e+00 -2.60016469e-03 
 1.03000000e+00  5.21670225e-01  1.03000000e+00  5.08329775e-03  1.03000000e+00 -2.65180508e-03 
 1.04000000e+00  5.24199840e-01  1.04000000e+00  5.15800160e-03  1.04000000e+00 -2.70382361e-03 
 1.05000000e+00  5.26728393e-01  1.05000000e+00  5.23271607e-03  1.05000000e+00 -2.75622013e-03 
 1.06000000e+00  5.29255894e-01  1.06000000e+00  5.30744106e-03  1.06000000e+00 -2.80899446e-03 
 1.07000000e+00  5.31782352e-01  1.07000000e+00  5.38217648e-03  1.07000000e+00 -2.86214647e-03 
 1.08000000e+00  5.34307779e-01  1.08000000e+00  5.45692221e-03  1.08000000e+00 -2.91567599e-03 
 1.09000000e+00  5.36832182e-01  1.09000000e+00  5.53167818e-03  1.09000000e+00 -2.96958287e-03 
 1.10000000e+00  5.39355573e-01  1.10000000e+00  5.60644427e-03  1.10000000e+00 -3.02386696e-03 
 1.11000000e+00  5.41877959e-01  1.11000000e+00  5.68122041e-03  1.11000000e+00 -3.07852812e-03 
 1.12000000e+00  5.44399350e-01  1.12000000e+00  5.75600650e-03  1.12000000e+00 -3.13356620e-03 
 1.13000000e+00  5.46919755e-01  1.13000000e+00  5.83080245e-03  1.13000000e+00 -3.18898105e-03 
 1.14000000e+00  5.49439183e-01  1.14000000e+00  5.90560817e-03  1.14000000e+00 -3.24477253e-03 
 1.15000000e+00  5.51957643e-01  1.15000000e+00  5.98042357e-03  1.15000000e+00 -3.30094050e-03 
 1.16000000e+00  5.54475144e-01  1.16000000e+00  6.05524856e-03  1.16000000e+00 -3.35748482e-03 
 1.17000000e+00  5.56991693e-01  1.17000000e+00  6.13008307e-03  1.17000000e+00 -3.41440535e-03 
 1.18000000e+00  5.59507300e-01  1.18000000e+00  6.20492700e-03  1.18000000e+00 -3.47170195e-03 
 1.19000000e+00  5.62021973e-01  1.19000000e+00  6.27978027e-03  1.19000000e+00 -3.52937450e-03 
 1.20000000e+00  5.64535720e-01  1.20000000e+00  6.35464280e-03  1.20000000e+00 -3.58742285e-03 
 1.21000000e+00  5.67048549e-01  1.21000000e+00  6.42951451e-03  1.21000000e+00 -3.64584687e-03 
 1.22000000e+00  5.69560469e-01  1.22000000e+00  6.50439531e-03  1.22000000e+00 -3.70464644e-03 
 1.23000000e+00  5.72071486e-01  1.23000000e+00  6.57928514e-03  1.23000000e+00 -3.76382143e-03 
 1.24000000e+00  5.74581610e-01  1.24000000e+00  6.65418390e-03  1.24000000e+00 -3.82337170e-03 
 1.25000000e+00  5.77090847e-01  1.25000000e+00  6.72909153e-03  1.25000000e+00 -3.88329713e-03 
 1.26000000e+00  5.79599206e-01  1.26000000e+00  6.80400794e-03  1.26000000e+00 -3.94359760e-03 
 1.27000000e+00  5.82106694e-01  1.27000000e+00  6.87893306e-03  1.27000000e+00 -4.00427298e-03 
 1.28000000e+00  5.84613317e-01  1.28000000e+00  6.95386683e-03  1.28000000e+00 -4.06532315e-03 
 1.29000000e+00  5.87119085e-01  1.29000000e+00  7.02880915e-03  1.29000000e+00 -4.12674800e-03 
 1.30000000e+00  5.89624003e-01  1.30000000e+00  7.10375997e-03  1.30000000e+00 -4.18854739e-03 
 1.31000000e+00  5.92128079e-01  1.31000000e+00  7.17871921e-03  1.31000000e+00 -4.25072122e-03 
 1.32000000e+00  5.94631320e-01  1.32000000e+00  7.25368680e-03  1.32000000e+00 -4.31326936e-03 
 1.33000000e+00  5.97133734e-01  1.33000000e+00  7.32866266e-03  1.33000000e+00 -4.37619170e-03 
 1.34000000e+00  5.99635326e-01  1.34000000e+00  7.40364674e-03  1.34000000e+00 -4.43948813e-03 
 1.35000000e+00  6.02136104e-01  1.35000000e+00  7.47863896e-03  1.35000000e+00 -4.50315853e-03 
 1.36000000e+00  6.04636074e-01  1.36000000e+00  7.55363926e-03  1.36000000e+00 -4.56720279e-03 
 1.37000000e+00  6.07135243e-01  1.37000000e+00  7.62864757e-03  1.37000000e+00 -4.63162080e-03 
 1.38000000e+00  6.09633618e-01  1.38000000e+00  7.70366382e-03  1.38000000e+00 -4.69641245e-03 
 1.39000000e+00  6.12131205e-01  1.39000000e+00  7.77868795e-03  1.39000000e+00 -4.76157763e-03 
 1.40000000e+00  6.14628011e-01  1.40000000e+00  7.85371989e-03  1.40000000e+00 -4.82711623e-03 
 1.41000000e+00  6.17124041e-01  1.41000000e+00  7.92875959e-03  1.41000000e+00 -4.89302816e-03 
 1.42000000e+00  6.19619303e-01  1.42000000e+00  8.00380697e-03  1.42000000e+00 -4.95931330e-03 
 1.43000000e+00  6.22113801e-01  1.43000000e+00  8.07886199e-03  1.43000000e+00 -5.02597154e-03 
 1.44000000e+00  6.24607543e-01  1.44000000e+00  8.15392457e-03  1.44000000e+00 -5.09300279e-03 
 1.45000000e+00  6.27100535e-01  1.45000000e+00  8.22899465e-03  1.45000000e+00 -5.16040695e-03 
 1.46000000e+00  6.29592781e-01  1.46000000e+00  8.30407219e-03  1.46000000e+00 -5.22818390e-03 
 1.47000000e+00  6.32084289e-01  1.47000000e+00  8.37915711e-03  1.47000000e+00 -5.29633356e-03 
 1.48000000e+00  6.34575064e-01  1.48000000e+00  8.45424936e-03  1.48000000e+00 -5.36485583e-03 
 1.49000000e+00  6.37065112e-01  1.49000000e+00  8.52934888e-03  1.49000000e+00 -5.43375060e-03 
 1.50000000e+00  6.39554438e-01  1.50000000e+00  8.60445562e-03  1.50000000e+00 -5.50301778e-03 
 1.51000000e+00  6.42043048e-01  1.51000000e+00  8.67956952e-03  1.51000000e+00 -5.57265727e-03 
 1.52000000e+00  6.44530948e-01  1.52000000e+00  8.75469052e-03  1.52000000e+00 -5.64266898e-03 
 1.53000000e+00  6.47018142e-01  1.53000000e+00  8.82981858e-03  1.53000000e+00 -5.71305281e-03 
 1.54000000e+00  6.49504638e-01  1.54000000e+00  8.90495362e-03  1.54000000e+00 -5.78380868e-03 
 1.55000000e+00  6.51990439e-01  1.55000000e+00  8.98009561e-03  1.55000000e+00 -5.85493648e-03 
 1.56000000e+00  6.54475551e-01  1.56000000e+00  9.05524449e-03  1.56000000e+00 -5.92643613e-03 
 1.57000000e+00  6.56959980e-01  1.57000000e+00  9.13040020e-03  1.57000000e+00 -5.99830753e-03 
 1.58000000e+00  6.59443730e-01  1.58000000e+00  9.20556270e-03  1.58000000e+00 -6.07055060e-03 
 1.59000000e+00  6.61926807e-01  1.59000000e+00  9.28073193e-03  1.59000000e+00 -6.14316525e-03 
 1.60000000e+00  6.64409216e-01  1.60000000e+00  9.35590784e-03  1.60000000e+00 -6.21615139e-03 
 1.61000000e+00  6.66890962e-01  1.61000000e+00  9.43109038e-03  1.61000000e+00 -6.28950894e-03 
 1.62000000e+00  6.69372049e-01  1.62000000e+00  9.50627951e-03  1.62000000e+00 -6.36323779e-03 
 1.63000000e+00  6.71852483e-01  1.63000000e+00  9.58147517e-03  1.63000000e+00 -6.43733788e-03 
 1.64000000e+00  6.74332269e-01  1.64000000e+00  9.65667731e-03  1.64000000e+00 -6.51180912e-03 
 1.65000000e+00  6.76811411e-01  1.65000000e+00  9.73188589e-03  1.65000000e+00 -6.58665142e-03 
 1.66000000e+00  6.79289914e-01  1.66000000e+00  9.80710086e-03  1.66000000e+00 -6.66186470e-03 
 1.67000000e+00  6.81767782e-01  1.67000000e+00  9.88232218e-03  1.67000000e+00 -6.73744887e-03 
 1.68000000e+00  6.84245021e-01  1.68000000e+00  9.95754979e-03  1.68000000e+00 -6.81340387e-03 
 1.69000000e+00  6.86721635e-01  1.69000000e+00  1.00327836e-02  1.69000000e+00 -6.88972959e-03 
 1.70000000e+00  6.89197629e-01  1.70000000e+00  1.01080237e-02  1.70000000e+00 -6.96642597e-03 
 1.71000000e+00  6.91673006e-01  1.71000000e+00  1.01832699e-02  1.71000000e+00 -7.04349293e-03 
 1.72000000e+00  6.94147772e-01  1.72000000e+00  1.02585223e-02  1.72000000e+00 -7.12093038e-03 
 1.73000000e+00  6.96621930e-01  1.73000000e+00  1.03337807e-02  1.73000000e+00 -7.19873826e-03 
 1.74000000e+00  6.99095486e-01  1.74000000e+00  1.04090451e-02  1.74000000e+00 -7.27691647e-03 
 1.75000000e+00  7.01568443e-01  1.75000000e+00  1.04843156e-02  1.75000000e+00 -7.35546495e-03 
 1.76000000e+00  7.04040806e-01  1.76000000e+00  1.05595919e-02  1.76000000e+00 -7.43438362e-03 
 1.77000000e+00  7.06512579e-01  1.77000000e+00  1.06348742e-02  1.77000000e+00 -7.51367240e-03 
 1.78000000e+00  7.08983765e-01  1.78000000e+00  1.07101623e-02  1.78000000e+00 -7.59333123e-03 
 1.79000000e+00  7.11454370e-01  1.79000000e+00  1.07854563e-02  1.79000000e+00 -7.67336002e-03 
 1.80000000e+00  7.13924398e-01  1.80000000e+00  1.08607560e-02  1.80000000e+00 -7.75375870e-03 
 1.81000000e+00  7.16393851e-01  1.81000000e+00  1.09360615e-02  1.81000000e+00 -7.83452721e-03 
 1.82000000e+00  7.18862735e-01  1.82000000e+00  1.10113726e-02  1.82000000e+00 -7.91566546e-03 
 1.83000000e+00  7.21331053e-01  1.83000000e+00  1.10866895e-02  1.83000000e+00 -7.99717339e-03 
 1.84000000e+00  7.23798809e-01  1.84000000e+00  1.11620119e-02  1.84000000e+00 -8.07905093e-03 
 1.85000000e+00  7.26266008e-01  1.85000000e+00  1.12373399e-02  1.85000000e+00 -8.16129800e-03 
 1.86000000e+00  7.28732652e-01  1.86000000e+00  1.13126735e-02  1.86000000e+00 -8.24391455e-03 
 1.87000000e+00  7.31198746e-01  1.87000000e+00  1.13880125e-02  1.87000000e+00 -8.32690049e-03 
 1.88000000e+00  7.33664293e-01  1.88000000e+00  1.14633571e-02  1.88000000e+00 -8.41025576e-03 
 1.89000000e+00  7.36129298e-01  1.89000000e+00  1.15387070e-02  1.89000000e+00 -8.49398030e-03 
 1.90000000e+00  7.38593763e-01  1.90000000e+00  1.16140624e-02  1.90000000e+00 -8.57807403e-03 
 1.91000000e+00  7.41057693e-01  1.91000000e+00  1.16894231e-02  1.91000000e+00 -8.66253689e-03 
 1.92000000e+00  7.43521090e-01  1.92000000e+00  1.17647891e-02  1.92000000e+00 -8.74736882e-03 
 1.93000000e+00  7.45983960e-01  1.93000000e+00  1.18401604e-02  1.93000000e+00 -8.83256974e-03 
 1.94000000e+00  7.48446304e-01  1.94000000e+00  1.19155370e-02  1.94000000e+00 -8.91813960e-03 
 1.95000000e+00  7.50908127e-01  1.95000000e+00  1.19909187e-02  1.95000000e+00 -9.00407833e-03 
 1.96000000e+00  7.53369433e-01  1.96000000e+00  1.20663057e-02  1.96000000e+00 -9.09038586e-03 
 1.97000000e+00  7.55830224e-01  1.97000000e+00  1.21416978e-02  1.97000000e+00 -9.17706214e-03 
 1.98000000e+00  7.58290504e-01  1.98000000e+00  1.22170950e-02  1.98000000e+00 -9.26410709e-03 
 1.99000000e+00  7.60750276e-01  1.99000000e+00  1.22924972e-02  1.99000000e+00 -9.35152067e-03 
 2.00000000e+00  7.63209544e-01  2.00000000e+00  1.23679046e-02  2.00000000e+00 -9.43930280e-03 
