-2.00000000e+00 -9.86001043e-01 -2.00000000e+00 -1.01399896e-02 -2.00000000e+00 -9.99804029e-03 
-1.99000000e+00 -9.76195985e-01 -1.99000000e+00 -1.01380402e-02 -1.99000000e+00 -9.89671409e-03 
-1.98000000e+00 -9.66390927e-01 -1.98000000e+00 -1.01360907e-02 -1.98000000e+00 -9.79542612e-03 
-1.97000000e+00 -9.56585870e-01 -1.97000000e+00 -1.01341413e-02 -1.97000000e+00 -9.69417637e-03 
-1.96000000e+00 -9.46780814e-01 -1.96000000e+00 -1.01321919e-02 -1.96000000e+00 -9.59296486e-03 
-1.95000000e+00 -9.36975758e-01 -1.95000000e+00 -1.01302424e-02 -1.95000000e+00 -9.49179157e-03 
-1.94000000e+00 -9.27170703e-01 -1.94000000e+00 -1.01282930e-02 -1.94000000e+00 -9.39065651e-03 
-1.93000000e+00 -9.17365649e-01 -1.93000000e+00 -1.01263435e-02 -1.93000000e+00 -9.28955969e-03 
-1.92000000e+00 -9.07560596e-01 -1.92000000e+00 -1.01243940e-02 -1.92000000e+00 -9.18850109e-03 
-1.91000000e+00 -8.97755544e-01 -1.91000000e+00 -1.01224446e-02 -1.91000000e+00 -9.08748072e-03 
-1.90000000e+00 -8.87950493e-01 -1.90000000e+00 -1.01204951e-02 -1.90000000e+00 -8.98649859e-03 
-1.89000000e+00 -8.78145444e-01 -1.89000000e+00 -1.01185456e-02 -1.89000000e+00 -8.88555468e-03 
-1.88000000e+00 -8.68340395e-01 -1.88000000e+00 -1.01165960e-02 -1.88000000e+00 -8.78464901e-03 
-1.87000000e+00 -8.58535348e-01 -1.87000000e+00 -1.01146465e-02 -1.87000000e+00 -8.68378157e-03 
-1.86000000e+00 -8.48730303e-01 -1.86000000e+00 -1.01126970e-02 -1.86000000e+00 -8.58295236e-03 
-1.85000000e+00 -8.38925259e-01 -1.85000000e+00 -1.01107474e-02 -1.85000000e+00 -8.48216139e-03 
-1.84000000e+00 -8.29120217e-01 -1.84000000e+00 -1.01087978e-02 -1.84000000e+00 -8.38140865e-03 
-1.83000000e+00 -8.19315177e-01 -1.83000000e+00 -1.01068482e-02 -1.83000000e+00 -8.28069415e-03 
-1.82000000e+00 -8.09510139e-01 -1.82000000e+00 -1.01048986e-02 -1.82000000e+00 -8.18001788e-03 
-1.81000000e+00 -7.99705104e-01 -1.81000000e+00 -1.01029490e-02 -1.81000000e+00 -8.07937985e-03 
-1.80000000e+00 -7.89900072e-01 -1.80000000e+00 -1.01009993e-02 -1.80000000e+00 -7.97878006e-03 
-1.79000000e+00 -7.80095042e-01 -1.79000000e+00 -1.00990496e-02 -1.79000000e+00 -7.87821851e-03 
-1.78000000e+00 -7.70290016e-01 -1.78000000e+00 -1.00970998e-02 -1.78000000e+00 -7.77769520e-03 
-1.77000000e+00 -7.60484993e-01 -1.77000000e+00 -1.00951501e-02 -1.77000000e+00 -7.67721013e-03 
-1.76000000e+00 -7.50679974e-01 -1.76000000e+00 -1.00932003e-02 -1.76000000e+00 -7.57676331e-03 
-1.75000000e+00 -7.40874960e-01 -1.75000000e+00 -1.00912504e-02 -1.75000000e+00 -7.47635474e-03 
-1.74000000e+00 -7.31069951e-01 -1.74000000e+00 -1.00893005e-02 -1.74000000e+00 -7.37598442e-03 
-1.73000000e+00 -7.21264948e-01 -1.73000000e+00 -1.00873505e-02 -1.73000000e+00 -7.27565235e-03 
-1.72000000e+00 -7.11459951e-01 -1.72000000e+00 -1.00854005e-02 -1.72000000e+00 -7.17535854e-03 
-1.71000000e+00 -7.01654961e-01 -1.71000000e+00 -1.00834504e-02 -1.71000000e+00 -7.07510299e-03 
-1.70000000e+00 -6.91849979e-01 -1.70000000e+00 -1.00815002e-02 -1.70000000e+00 -6.97488571e-03 
-1.69000000e+00 -6.82045006e-01 -1.69000000e+00 -1.00795499e-02 -1.69000000e+00 -6.87470670e-03 
-1.68000000e+00 -6.72240043e-01 -1.68000000e+00 -1.00775996e-02 -1.68000000e+00 -6.77456597e-03 
-1.67000000e+00 -6.62435093e-01 -1.67000000e+00 -1.00756491e-02 -1.67000000e+00 -6.67446353e-03 
-1.66000000e+00 -6.52630155e-01 -1.66000000e+00 -1.00736984e-02 -1.66000000e+00 -6.57439938e-03 
-1.65000000e+00 -6.42825233e-01 -1.65000000e+00 -1.00717477e-02 -1.65000000e+00 -6.47437354e-03 
-1.64000000e+00 -6.33020329e-01 -1.64000000e+00 -1.00697967e-02 -1.64000000e+00 -6.37438603e-03 
-1.63000000e+00 -6.23215445e-01 -1.63000000e+00 -1.00678455e-02 -1.63000000e+00 -6.27443685e-03 
-1.62000000e+00 -6.13410585e-01 -1.62000000e+00 -1.00658941e-02 -1.62000000e+00 -6.17452602e-03 
-1.61000000e+00 -6.03605753e-01 -1.61000000e+00 -1.00639425e-02 -1.61000000e+00 -6.07465357e-03 
-1.60000000e+00 -5.93800954e-01 -1.60000000e+00 -1.00619905e-02 -1.60000000e+00 -5.97481953e-03 
-1.59000000e+00 -5.83996193e-01 -1.59000000e+00 -1.00600381e-02 -1.59000000e+00 -5.87502393e-03 
-1.58000000e+00 -5.74191477e-01 -1.58000000e+00 -1.00580852e-02 -1.58000000e+00 -5.77526682e-03 
-1.57000000e+00 -5.64386816e-01 -1.57000000e+00 -1.00561318e-02 -1.57000000e+00 -5.67554823e-03 
-1.56000000e+00 -5.54582220e-01 -1.56000000e+00 -1.00541778e-02 -1.56000000e+00 -5.57586824e-03 
-1.55000000e+00 -5.44777703e-01 -1.55000000e+00 -1.00522230e-02 -1.55000000e+00 -5.47622694e-03 
-1.54000000e+00 -5.34973281e-01 -1.54000000e+00 -1.00502672e-02 -1.54000000e+00 -5.37662441e-03 
-1.53000000e+00 -5.25168977e-01 -1.53000000e+00 -1.00483102e-02 -1.53000000e+00 -5.27706080e-03 
-1.52000000e+00 -5.15364819e-01 -1.52000000e+00 -1.00463518e-02 -1.52000000e+00 -5.17753628e-03 
-1.51000000e+00 -5.05560843e-01 -1.51000000e+00 -1.00443916e-02 -1.51000000e+00 -5.07805107e-03 
-1.50000000e+00 -4.95757096e-01 -1.50000000e+00 -1.00424290e-02 -1.50000000e+00 -4.97860546e-03 
-1.49000000e+00 -4.85953643e-01 -1.49000000e+00 -1.00404636e-02 -1.49000000e+00 -4.87919985e-03 
-1.48000000e+00 -4.76150571e-01 -1.48000000e+00 -1.00384943e-02 -1.48000000e+00 -4.77983479e-03 
-1.47000000e+00 -4.66347996e-01 -1.47000000e+00 -1.00365200e-02 -1.47000000e+00 -4.68051101e-03 
-1.46000000e+00 -4.56546070e-01 -1.46000000e+00 -1.00345393e-02 -1.46000000e+00 -4.58122948e-03 
-1.45000000e+00 -4.46744814e-01 -1.45000000e+00 -1.00325519e-02 -1.45000000e+00 -4.48199051e-03 
-1.44000000e+00 -4.36944325e-01 -1.44000000e+00 -1.00305568e-02 -1.44000000e+00 -4.38279485e-03 
-1.43000000e+00 -4.27144757e-01 -1.43000000e+00 -1.00285524e-02 -1.43000000e+00 -4.28364359e-03 
-1.42000000e+00 -4.17346295e-01 -1.42000000e+00 -1.00265371e-02 -1.42000000e+00 -4.18453809e-03 
-1.41000000e+00 -4.07549161e-01 -1.41000000e+00 -1.00245084e-02 -1.41000000e+00 -4.08547998e-03 
-1.40000000e+00 -3.97753621e-01 -1.40000000e+00 -1.00224638e-02 -1.40000000e+00 -3.98647127e-03 
-1.39000000e+00 -3.87959995e-01 -1.39000000e+00 -1.00204000e-02 -1.39000000e+00 -3.88751435e-03 
-1.38000000e+00 -3.78168665e-01 -1.38000000e+00 -1.00183133e-02 -1.38000000e+00 -3.78861219e-03 
-1.37000000e+00 -3.68380091e-01 -1.37000000e+00 -1.00161991e-02 -1.37000000e+00 -3.68976833e-03 
-1.36000000e+00 -3.58594822e-01 -1.36000000e+00 -1.00140518e-02 -1.36000000e+00 -3.59098711e-03 
-1.35000000e+00 -3.48813515e-01 -1.35000000e+00 -1.00118648e-02 -1.35000000e+00 -3.49227377e-03 
-1.34000000e+00 -3.39036959e-01 -1.34000000e+00 -1.00096304e-02 -1.34000000e+00 -3.39363466e-03 
-1.33000000e+00 -3.29266094e-01 -1.33000000e+00 -1.00073391e-02 -1.33000000e+00 -3.29507744e-03 
-1.32000000e+00 -3.19502043e-01 -1.32000000e+00 -1.00049796e-02 -1.32000000e+00 -3.19661141e-03 
-1.31000000e+00 -3.09746147e-01 -1.31000000e+00 -1.00025385e-02 -1.31000000e+00 -3.09824777e-03 
-1.30000000e+00 -3.00000000e-01 -1.30000000e+00 -1.00000000e-02 -1.30000000e+00 -3.00000000e-03 
-1.29000000e+00 -2.90265499e-01 -1.29000000e+00 -9.99734501e-03 -1.29000000e+00 -2.90188434e-03 
-1.28000000e+00 -2.80544895e-01 -1.28000000e+00 -9.99455105e-03 -1.28000000e+00 -2.80392027e-03 
-1.27000000e+00 -2.70840847e-01 -1.27000000e+00 -9.99159153e-03 -1.27000000e+00 -2.70613111e-03 
-1.26000000e+00 -2.61156497e-01 -1.26000000e+00 -9.98843503e-03 -1.26000000e+00 -2.60854471e-03 
-1.25000000e+00 -2.51495536e-01 -1.25000000e+00 -9.98504464e-03 -1.25000000e+00 -2.51119416e-03 
-1.24000000e+00 -2.41862285e-01 -1.24000000e+00 -9.98137715e-03 -1.24000000e+00 -2.41411868e-03 
-1.23000000e+00 -2.32261774e-01 -1.23000000e+00 -9.97738226e-03 -1.23000000e+00 -2.31736451e-03 
-1.22000000e+00 -2.22699832e-01 -1.22000000e+00 -9.97300168e-03 -1.22000000e+00 -2.22098580e-03 
-1.21000000e+00 -2.13183154e-01 -1.21000000e+00 -9.96816846e-03 -1.21000000e+00 -2.12504560e-03 
-1.20000000e+00 -2.03719381e-01 -1.20000000e+00 -9.96280619e-03 -1.20000000e+00 -2.02961671e-03 
-1.19000000e+00 -1.94317139e-01 -1.19000000e+00 -9.95682861e-03 -1.19000000e+00 -1.93478245e-03 
-1.18000000e+00 -1.84986061e-01 -1.18000000e+00 -9.95013939e-03 -1.18000000e+00 -1.84063709e-03 
-1.17000000e+00 -1.75736768e-01 -1.17000000e+00 -9.94263232e-03 -1.17000000e+00 -1.74728607e-03 
-1.16000000e+00 -1.66580790e-01 -1.16000000e+00 -9.93419210e-03 -1.16000000e+00 -1.65484557e-03 
-1.15000000e+00 -1.57530431e-01 -1.15000000e+00 -9.92469569e-03 -1.15000000e+00 -1.56344159e-03 
-1.14000000e+00 -1.48598559e-01 -1.14000000e+00 -9.91401441e-03 -1.14000000e+00 -1.47320826e-03 
-1.13000000e+00 -1.39798327e-01 -1.13000000e+00 -9.90201673e-03 -1.13000000e+00 -1.38428537e-03 
-1.12000000e+00 -1.31142827e-01 -1.12000000e+00 -9.88857173e-03 -1.12000000e+00 -1.29681525e-03 
-1.11000000e+00 -1.22644699e-01 -1.11000000e+00 -9.87355301e-03 -1.11000000e+00 -1.21093894e-03 
-1.10000000e+00 -1.14315715e-01 -1.10000000e+00 -9.85684285e-03 -1.10000000e+00 -1.12679204e-03 
-1.09000000e+00 -1.06166376e-01 -1.09000000e+00 -9.83833624e-03 -1.09000000e+00 -1.04450051e-03 
-1.08000000e+00 -9.82055538e-02 -1.08000000e+00 -9.81794446e-03 -1.08000000e+00 -9.64176673e-04 
-1.07000000e+00 -9.04402061e-02 -1.07000000e+00 -9.79559794e-03 -1.07000000e+00 -8.85915896e-04 
-1.06000000e+00 -8.28751996e-02 -1.06000000e+00 -9.77124800e-03 -1.06000000e+00 -8.09794128e-04 
-1.05000000e+00 -7.55132388e-02 -1.05000000e+00 -9.74486761e-03 -1.05000000e+00 -7.35866515e-04 
-1.04000000e+00 -6.83549079e-02 -1.04000000e+00 -9.71645092e-03 -1.04000000e+00 -6.64167108e-04 
-1.03000000e+00 -6.13988084e-02 -1.03000000e+00 -9.68601192e-03 -1.03000000e+00 -5.94709590e-04 
-1.02000000e+00 -5.46417715e-02 -1.02000000e+00 -9.65358229e-03 -1.02000000e+00 -5.27488837e-04 
-1.01000000e+00 -4.80791191e-02 -1.01000000e+00 -9.61920881e-03 -1.01000000e+00 -4.62483086e-04 
-1.00000000e+00 -4.17049487e-02 -1.00000000e+00 -9.58295051e-03 -1.00000000e+00 -3.99656460e-04 
-9.90000000e-01 -3.55124181e-02 -9.90000000e-01 -9.54487582e-03 -9.90000000e-01 -3.38961621e-04 
-9.80000000e-01 -2.94940146e-02 -9.80000000e-01 -9.50505985e-03 -9.80000000e-01 -2.80342374e-04 
-9.70000000e-01 -2.36417967e-02 -9.70000000e-01 -9.46358203e-03 -9.70000000e-01 -2.23736083e-04 
-9.60000000e-01 -1.79476017e-02 -9.60000000e-01 -9.42052398e-03 -9.60000000e-01 -1.69075813e-04 
-9.50000000e-01 -1.24032170e-02 -9.50000000e-01 -9.37596783e-03 -9.50000000e-01 -1.16292163e-04 
-9.40000000e-01 -7.00051679e-03 -9.40000000e-01 -9.32999483e-03 -9.40000000e-01 -6.53147855e-05 
-9.30000000e-01 -1.73156689e-03 -9.30000000e-01 -9.28268433e-03 -9.30000000e-01 -1.60735888e-05 
-9.20000000e-01  3.41129888e-03 -9.20000000e-01 -9.23411299e-03 -9.20000000e-01  3.15003193e-05 
-9.10000000e-01  8.43542552e-03 -9.10000000e-01 -9.18435426e-03 -9.10000000e-01  7.74739362e-05 
-9.00000000e-01  1.33478030e-02 -9.00000000e-01 -9.13347803e-03 -9.00000000e-01  1.21911866e-04 
-8.90000000e-01  1.81550479e-02 -8.90000000e-01 -9.08155048e-03 -8.90000000e-01  1.64875984e-04 
-8.80000000e-01  2.28633963e-02 -8.80000000e-01 -9.02863396e-03 -8.80000000e-01  2.06425236e-04 
-8.70000000e-01  2.74787061e-02 -8.70000000e-01 -8.97478706e-03 -8.70000000e-01  2.46615536e-04 
-8.60000000e-01  3.20064656e-02 -8.60000000e-01 -8.92006466e-03 -8.60000000e-01  2.85499742e-04 
-8.50000000e-01  3.64518063e-02 -8.50000000e-01 -8.86451806e-03 -8.50000000e-01  3.23127696e-04 
-8.40000000e-01  4.08195193e-02 -8.40000000e-01 -8.80819519e-03 -8.40000000e-01  3.59546294e-04 
-8.30000000e-01  4.51140726e-02 -8.30000000e-01 -8.75114073e-03 -8.30000000e-01  3.94799598e-04 
-8.20000000e-01  4.93396304e-02 -8.20000000e-01 -8.69339630e-03 -8.20000000e-01  4.28928960e-04 
-8.10000000e-01  5.35000717e-02 -8.10000000e-01 -8.63500072e-03 -8.10000000e-01  4.61973157e-04 
-8.00000000e-01  5.75990096e-02 -8.00000000e-01 -8.57599010e-03 -8.00000000e-01  4.93968535e-04 
-7.90000000e-01  6.16398092e-02 -7.90000000e-01 -8.51639809e-03 -7.90000000e-01  5.24949153e-04 
-7.80000000e-01  6.56256055e-02 -7.80000000e-01 -8.45625606e-03 -7.80000000e-01  5.54946924e-04 
-7.70000000e-01  6.95593200e-02 -7.70000000e-01 -8.39559320e-03 -7.70000000e-01  5.83991754e-04 
-7.60000000e-01  7.34436764e-02 -7.60000000e-01 -8.33443676e-03 -7.60000000e-01  6.12111677e-04 
-7.50000000e-01  7.72812153e-02 -7.50000000e-01 -8.27281215e-03 -7.50000000e-01  6.39332977e-04 
-7.40000000e-01  8.10743081e-02 -7.40000000e-01 -8.21074308e-03 -7.40000000e-01  6.65680314e-04 
-7.30000000e-01  8.48251696e-02 -7.30000000e-01 -8.14825170e-03 -7.30000000e-01  6.91176832e-04 
-7.20000000e-01  8.85358698e-02 -7.20000000e-01 -8.08535870e-03 -7.20000000e-01  7.15844265e-04 
-7.10000000e-01  9.22083452e-02 -7.10000000e-01 -8.02208345e-03 -7.10000000e-01  7.39703040e-04 
-7.00000000e-01  9.58444081e-02 -7.00000000e-01 -7.95844408e-03 -7.00000000e-01  7.62772362e-04 
-6.90000000e-01  9.94457566e-02 -6.90000000e-01 -7.89445757e-03 -6.90000000e-01  7.85070306e-04 
-6.80000000e-01  1.03013983e-01 -6.80000000e-01 -7.83013983e-03 -6.80000000e-01  8.06613891e-04 
-6.70000000e-01  1.06550581e-01 -6.70000000e-01 -7.76550581e-03 -6.70000000e-01  8.27419157e-04 
-6.60000000e-01  1.10056954e-01 -6.60000000e-01 -7.70056954e-03 -6.60000000e-01  8.47501230e-04 
-6.50000000e-01  1.13534421e-01 -6.50000000e-01 -7.63534421e-03 -6.50000000e-01  8.66874387e-04 
-6.40000000e-01  1.16984223e-01 -6.40000000e-01 -7.56984223e-03 -6.40000000e-01  8.85552112e-04 
-6.30000000e-01  1.20407528e-01 -6.30000000e-01 -7.50407528e-03 -6.30000000e-01  9.03547151e-04 
-6.20000000e-01  1.23805436e-01 -6.20000000e-01 -7.43805436e-03 -6.20000000e-01  9.20871563e-04 
-6.10000000e-01  1.27178986e-01 -6.10000000e-01 -7.37178986e-03 -6.10000000e-01  9.37536762e-04 
-6.00000000e-01  1.30529158e-01 -6.00000000e-01 -7.30529158e-03 -6.00000000e-01  9.53553562e-04 
-5.90000000e-01  1.33856878e-01 -5.90000000e-01 -7.23856878e-03 -5.90000000e-01  9.68932217e-04 
-5.80000000e-01  1.37163020e-01 -5.80000000e-01 -7.17163020e-03 -5.80000000e-01  9.83682455e-04 
-5.70000000e-01  1.40448412e-01 -5.70000000e-01 -7.10448412e-03 -5.70000000e-01  9.97813515e-04 
-5.60000000e-01  1.43713839e-01 -5.60000000e-01 -7.03713839e-03 -5.60000000e-01  1.01133417e-03 
-5.50000000e-01  1.46960042e-01 -5.50000000e-01 -6.96960042e-03 -5.50000000e-01  1.02425277e-03 
-5.40000000e-01  1.50187727e-01 -5.40000000e-01 -6.90187727e-03 -5.40000000e-01  1.03657726e-03 
-5.30000000e-01  1.53397561e-01 -5.30000000e-01 -6.83397561e-03 -5.30000000e-01  1.04831519e-03 
-5.20000000e-01  1.56590180e-01 -5.20000000e-01 -6.76590180e-03 -5.20000000e-01  1.05947378e-03 
-5.10000000e-01  1.59766186e-01 -5.10000000e-01 -6.69766186e-03 -5.10000000e-01  1.07005989e-03 
-5.00000000e-01  1.62926152e-01 -5.00000000e-01 -6.62926152e-03 -5.00000000e-01  1.08008007e-03 
-4.90000000e-01  1.66070625e-01 -4.90000000e-01 -6.56070625e-03 -4.90000000e-01  1.08954059e-03 
-4.80000000e-01  1.69200124e-01 -4.80000000e-01 -6.49200124e-03 -4.80000000e-01  1.09844741e-03 
-4.70000000e-01  1.72315144e-01 -4.70000000e-01 -6.42315144e-03 -4.70000000e-01  1.10680627e-03 
-4.60000000e-01  1.75416157e-01 -4.60000000e-01 -6.35416157e-03 -4.60000000e-01  1.11462261e-03 
-4.50000000e-01  1.78503614e-01 -4.50000000e-01 -6.28503614e-03 -4.50000000e-01  1.12190167e-03 
-4.40000000e-01  1.81577945e-01 -4.40000000e-01 -6.21577945e-03 -4.40000000e-01  1.12864846e-03 
-4.30000000e-01  1.84639559e-01 -4.30000000e-01 -6.14639559e-03 -4.30000000e-01  1.13486777e-03 
-4.20000000e-01  1.87688850e-01 -4.20000000e-01 -6.07688850e-03 -4.20000000e-01  1.14056421e-03 
-4.10000000e-01  1.90726192e-01 -4.10000000e-01 -6.00726192e-03 -4.10000000e-01  1.14574219e-03 
-4.00000000e-01  1.93751946e-01 -4.00000000e-01 -5.93751946e-03 -4.00000000e-01  1.15040595e-03 
-3.90000000e-01  1.96766454e-01 -3.90000000e-01 -5.86766454e-03 -3.90000000e-01  1.15455954e-03 
-3.80000000e-01  1.99770045e-01 -3.80000000e-01 -5.79770045e-03 -3.80000000e-01  1.15820688e-03 
-3.70000000e-01  2.02763036e-01 -3.70000000e-01 -5.72763036e-03 -3.70000000e-01  1.16135172e-03 
-3.60000000e-01  2.05745729e-01 -3.60000000e-01 -5.65745729e-03 -3.60000000e-01  1.16399767e-03 
-3.50000000e-01  2.08718414e-01 -3.50000000e-01 -5.58718414e-03 -3.50000000e-01  1.16614821e-03 
-3.40000000e-01  2.11681369e-01 -3.40000000e-01 -5.51681369e-03 -3.40000000e-01  1.16780668e-03 
-3.30000000e-01  2.14634863e-01 -3.30000000e-01 -5.44634863e-03 -3.30000000e-01  1.16897629e-03 
-3.20000000e-01  2.17579152e-01 -3.20000000e-01 -5.37579152e-03 -3.20000000e-01  1.16966016e-03 
-3.10000000e-01  2.20514482e-01 -3.10000000e-01 -5.30514482e-03 -3.10000000e-01  1.16986126e-03 
-3.00000000e-01  2.23441093e-01 -3.00000000e-01 -5.23441093e-03 -3.00000000e-01  1.16958250e-03 
-2.90000000e-01  2.26359211e-01 -2.90000000e-01 -5.16359211e-03 -2.90000000e-01  1.16882664e-03 
-2.80000000e-01  2.29269058e-01 -2.80000000e-01 -5.09269058e-03 -2.80000000e-01  1.16759637e-03 
-2.70000000e-01  2.32170844e-01 -2.70000000e-01 -5.02170844e-03 -2.70000000e-01  1.16589429e-03 
-2.60000000e-01  2.35064774e-01 -2.60000000e-01 -4.95064774e-03 -2.60000000e-01  1.16372290e-03 
-2.50000000e-01  2.37951045e-01 -2.50000000e-01 -4.87951045e-03 -2.50000000e-01  1.16108461e-03 
-2.40000000e-01  2.40829845e-01 -2.40000000e-01 -4.80829845e-03 -2.40000000e-01  1.15798177e-03 
-2.30000000e-01  2.43701358e-01 -2.30000000e-01 -4.73701358e-03 -2.30000000e-01  1.15441664e-03 
-2.20000000e-01  2.46565760e-01 -2.20000000e-01 -4.66565760e-03 -2.20000000e-01  1.15039141e-03 
-2.10000000e-01  2.49423221e-01 -2.10000000e-01 -4.59423221e-03 -2.10000000e-01  1.14590820e-03 
-2.00000000e-01  2.52273906e-01 -2.00000000e-01 -4.52273906e-03 -2.00000000e-01  1.14096905e-03 
-1.90000000e-01  2.55117972e-01 -1.90000000e-01 -4.45117972e-03 -1.90000000e-01  1.13557594e-03 
-1.80000000e-01  2.57955574e-01 -1.80000000e-01 -4.37955574e-03 -1.80000000e-01  1.12973082e-03 
-1.70000000e-01  2.60786860e-01 -1.70000000e-01 -4.30786860e-03 -1.70000000e-01  1.12343552e-03 
-1.60000000e-01  2.63611973e-01 -1.60000000e-01 -4.23611973e-03 -1.60000000e-01  1.11669188e-03 
-1.50000000e-01  2.66431051e-01 -1.50000000e-01 -4.16431051e-03 -1.50000000e-01  1.10950163e-03 
-1.40000000e-01  2.69244229e-01 -1.40000000e-01 -4.09244229e-03 -1.40000000e-01  1.10186647e-03 
-1.30000000e-01  2.72051637e-01 -1.30000000e-01 -4.02051637e-03 -1.30000000e-01  1.09378806e-03 
-1.20000000e-01  2.74853400e-01 -1.20000000e-01 -3.94853400e-03 -1.20000000e-01  1.08526799e-03 
-1.10000000e-01  2.77649640e-01 -1.10000000e-01 -3.87649640e-03 -1.10000000e-01  1.07630783e-03 
-1.00000000e-01  2.80440475e-01 -1.00000000e-01 -3.80440475e-03 -1.00000000e-01  1.06690907e-03 
-9.00000000e-02  2.83226019e-01 -9.00000000e-02 -3.73226019e-03 -9.00000000e-02  1.05707320e-03 
-8.00000000e-02  2.86006383e-01 -8.00000000e-02 -3.66006383e-03 -8.00000000e-02  1.04680162e-03 
-7.00000000e-02  2.88781675e-01 -7.00000000e-02 -3.58781675e-03 -7.00000000e-02  1.03609573e-03 
-6.00000000e-02  2.91551998e-01 -6.00000000e-02 -3.51551998e-03 -6.00000000e-02  1.02495688e-03 
-5.00000000e-02  2.94317454e-01 -5.00000000e-02 -3.44317454e-03 -5.00000000e-02  1.01338637e-03 
-4.00000000e-02  2.97078141e-01 -4.00000000e-02 -3.37078141e-03 -4.00000000e-02  1.00138548e-03 
-3.00000000e-02  2.99834154e-01 -3.00000000e-02 -3.29834154e-03 -3.00000000e-02  9.88955446e-04 
-2.00000000e-02  3.02585586e-01 -2.00000000e-02 -3.22585586e-03 -2.00000000e-02  9.76097483e-04 
-1.00000000e-02  3.05332525e-01 -1.00000000e-02 -3.15332525e-03 -1.00000000e-02  9.62812763e-04 
 1.64104841e-15  3.08075061e-01  1.64104841e-15 -3.08075061e-03  1.64104841e-15  9.49102430e-04 
 1.00000000e-02  3.10813276e-01  1.00000000e-02 -3.00813276e-03  1.00000000e-02  9.34967601e-04 
 2.00000000e-02  3.13547255e-01  2.00000000e-02 -2.93547255e-03  2.00000000e-02  9.20409360e-04 
 3.00000000e-02  3.16277077e-01  3.00000000e-02 -2.86277077e-03  3.00000000e-02  9.05428769e-04 
 4.00000000e-02  3.19002819e-01  4.00000000e-02 -2.79002819e-03  4.00000000e-02  8.90026858e-04 
 5.00000000e-02  3.21724558e-01  5.00000000e-02 -2.71724558e-03  5.00000000e-02  8.74204634e-04 
 6.00000000e-02  3.24442368e-01  6.00000000e-02 -2.64442368e-03  6.00000000e-02  8.57963079e-04 
 7.00000000e-02  3.27156319e-01  7.00000000e-02 -2.57156319e-03  7.00000000e-02  8.41303150e-04 
 8.00000000e-02  3.29866483e-01  8.00000000e-02 -2.49866483e-03  8.00000000e-02  8.24225781e-04 
 9.00000000e-02  3.32572927e-01  9.00000000e-02 -2.42572927e-03  9.00000000e-02  8.06731884e-04 
 1.00000000e-01  3.35275717e-01  1.00000000e-01 -2.35275717e-03  1.00000000e-01  7.88822349e-04 
 1.10000000e-01  3.37974919e-01  1.10000000e-01 -2.27974919e-03  1.10000000e-01  7.70498045e-04 
 1.20000000e-01  3.40670593e-01  1.20000000e-01 -2.20670593e-03  1.20000000e-01  7.51759820e-04 
 1.30000000e-01  3.43362803e-01  1.30000000e-01 -2.13362803e-03  1.30000000e-01  7.32608502e-04 
 1.40000000e-01  3.46051608e-01  1.40000000e-01 -2.06051608e-03  1.40000000e-01  7.13044901e-04 
 1.50000000e-01  3.48737065e-01  1.50000000e-01 -1.98737065e-03  1.50000000e-01  6.93069808e-04 
 1.60000000e-01  3.51419232e-01  1.60000000e-01 -1.91419232e-03  1.60000000e-01  6.72683996e-04 
 1.70000000e-01  3.54098164e-01  1.70000000e-01 -1.84098164e-03  1.70000000e-01  6.51888219e-04 
 1.80000000e-01  3.56773915e-01  1.80000000e-01 -1.76773915e-03  1.80000000e-01  6.30683218e-04 
 1.90000000e-01  3.59446538e-01  1.90000000e-01 -1.69446538e-03  1.90000000e-01  6.09069713e-04 
 2.00000000e-01  3.62116083e-01  2.00000000e-01 -1.62116083e-03  2.00000000e-01  5.87048411e-04 
 2.10000000e-01  3.64782602e-01  2.10000000e-01 -1.54782602e-03  2.10000000e-01  5.64620003e-04 
 2.20000000e-01  3.67446143e-01  2.20000000e-01 -1.47446143e-03  2.20000000e-01  5.41785165e-04 
 2.30000000e-01  3.70106754e-01  2.30000000e-01 -1.40106754e-03  2.30000000e-01  5.18544558e-04 
 2.40000000e-01  3.72764481e-01  2.40000000e-01 -1.32764481e-03  2.40000000e-01  4.94898830e-04 
 2.50000000e-01  3.75419371e-01  2.50000000e-01 -1.25419371e-03  2.50000000e-01  4.70848614e-04 
 2.60000000e-01  3.78071468e-01  2.60000000e-01 -1.18071468e-03  2.60000000e-01  4.46394530e-04 
 2.70000000e-01  3.80720814e-01  2.70000000e-01 -1.10720814e-03  2.70000000e-01  4.21537186e-04 
 2.80000000e-01  3.83367454e-01  2.80000000e-01 -1.03367454e-03  2.80000000e-01  3.96277176e-04 
 2.90000000e-01  3.86011428e-01  2.90000000e-01 -9.60114279e-04  2.90000000e-01  3.70615084e-04 
 3.00000000e-01  3.88652777e-01  3.00000000e-01 -8.86527769e-04  3.00000000e-01  3.44551479e-04 
 3.10000000e-01  3.91291541e-01  3.10000000e-01 -8.12915407e-04  3.10000000e-01  3.18086922e-04 
 3.20000000e-01  3.93927758e-01  3.20000000e-01 -7.39277580e-04  3.20000000e-01  2.91221960e-04 
 3.30000000e-01  3.96561467e-01  3.30000000e-01 -6.65614669e-04  3.30000000e-01  2.63957129e-04 
 3.40000000e-01  3.99192704e-01  3.40000000e-01 -5.91927044e-04  3.40000000e-01  2.36292958e-04 
 3.50000000e-01  4.01821507e-01  3.50000000e-01 -5.18215071e-04  3.50000000e-01  2.08229961e-04 
 3.60000000e-01  4.04447910e-01  3.60000000e-01 -4.44479104e-04  3.60000000e-01  1.79768645e-04 
 3.70000000e-01  4.07071949e-01  3.70000000e-01 -3.70719491e-04  3.70000000e-01  1.50909506e-04 
 3.80000000e-01  4.09693657e-01  3.80000000e-01 -2.96936573e-04  3.80000000e-01  1.21653030e-04 
 3.90000000e-01  4.12313068e-01  3.90000000e-01 -2.23130683e-04  3.90000000e-01  9.19996965e-05 
 4.00000000e-01  4.14930215e-01  4.00000000e-01 -1.49302148e-04  4.00000000e-01  6.19499724e-05 
 4.10000000e-01  4.17545129e-01  4.10000000e-01 -7.54512878e-05  4.10000000e-01  3.15043177e-05 
 4.20000000e-01  4.20157841e-01  4.20000000e-01 -1.57841492e-06  4.20000000e-01  6.63183406e-07 
 4.30000000e-01  4.22768384e-01  4.30000000e-01  7.23161639e-05  4.30000000e-01 -3.05729877e-05 
 4.40000000e-01  4.25376785e-01  4.40000000e-01  1.46232148e-04  4.40000000e-01 -6.22037612e-05 
 4.50000000e-01  4.27983076e-01  4.50000000e-01  2.20169244e-04  4.50000000e-01 -9.42287103e-05 
 4.60000000e-01  4.30587284e-01  4.60000000e-01  2.94127163e-04  4.60000000e-01 -1.26647416e-04 
 4.70000000e-01  4.33189438e-01  4.70000000e-01  3.68105623e-04  4.70000000e-01 -1.59459468e-04 
 4.80000000e-01  4.35789565e-01  4.80000000e-01  4.42104347e-04  4.80000000e-01 -1.92664461e-04 
 4.90000000e-01  4.38387694e-01  4.90000000e-01  5.16123063e-04  4.90000000e-01 -2.26261999e-04 
 5.00000000e-01  4.40983849e-01  5.00000000e-01  5.90161506e-04  5.00000000e-01 -2.60251693e-04 
 5.10000000e-01  4.43578059e-01  5.10000000e-01  6.64219414e-04  5.10000000e-01 -2.94633158e-04 
 5.20000000e-01  4.46170347e-01  5.20000000e-01  7.38296532e-04  5.20000000e-01 -3.29406020e-04 
 5.30000000e-01  4.48760739e-01  5.30000000e-01  8.12392609e-04  5.30000000e-01 -3.64569908e-04 
 5.40000000e-01  4.51349260e-01  5.40000000e-01  8.86507399e-04  5.40000000e-01 -4.00124459e-04 
 5.50000000e-01  4.53935934e-01  5.50000000e-01  9.60640661e-04  5.50000000e-01 -4.36069316e-04 
 5.60000000e-01  4.56520784e-01  5.60000000e-01  1.03479216e-03  5.60000000e-01 -4.72404127e-04 
 5.70000000e-01  4.59103834e-01  5.70000000e-01  1.10896166e-03  5.70000000e-01 -5.09128549e-04 
 5.80000000e-01  4.61685107e-01  5.80000000e-01  1.18314893e-03  5.80000000e-01 -5.46242241e-04 
 5.90000000e-01  4.64264624e-01  5.90000000e-01  1.25735376e-03  5.90000000e-01 -5.83744870e-04 
 6.00000000e-01  4.66842409e-01  6.00000000e-01  1.33157591e-03  6.00000000e-01 -6.21636107e-04 
 6.10000000e-01  4.69418481e-01  6.10000000e-01  1.40581519e-03  6.10000000e-01 -6.59915630e-04 
 6.20000000e-01  4.71992864e-01  6.20000000e-01  1.48007136e-03  6.20000000e-01 -6.98583122e-04 
 6.30000000e-01  4.74565576e-01  6.30000000e-01  1.55434424e-03  6.30000000e-01 -7.37638269e-04 
 6.40000000e-01  4.77136639e-01  6.40000000e-01  1.62863361e-03  6.40000000e-01 -7.77080766e-04 
 6.50000000e-01  4.79706073e-01  6.50000000e-01  1.70293927e-03  6.50000000e-01 -8.16910308e-04 
 6.60000000e-01  4.82273898e-01  6.60000000e-01  1.77726102e-03  6.60000000e-01 -8.57126600e-04 
 6.70000000e-01  4.84840132e-01  6.70000000e-01  1.85159868e-03  6.70000000e-01 -8.97729348e-04 
 6.80000000e-01  4.87404795e-01  6.80000000e-01  1.92595205e-03  6.80000000e-01 -9.38718264e-04 
 6.90000000e-01  4.89967905e-01  6.90000000e-01  2.00032095e-03  6.90000000e-01 -9.80093065e-04 
 7.00000000e-01  4.92529481e-01  7.00000000e-01  2.07470519e-03  7.00000000e-01 -1.02185347e-03 
 7.10000000e-01  4.95089541e-01  7.10000000e-01  2.14910459e-03  7.10000000e-01 -1.06399921e-03 
 7.20000000e-01  4.97648102e-01  7.20000000e-01  2.22351898e-03  7.20000000e-01 -1.10653000e-03 
 7.30000000e-01  5.00205181e-01  7.30000000e-01  2.29794819e-03  7.30000000e-01 -1.14944559e-03 
 7.40000000e-01  5.02760797e-01  7.40000000e-01  2.37239203e-03  7.40000000e-01 -1.19274571e-03 
 7.50000000e-01  5.05314965e-01  7.50000000e-01  2.44685035e-03  7.50000000e-01 -1.23643010e-03 
 7.60000000e-01  5.07867703e-01  7.60000000e-01  2.52132297e-03  7.60000000e-01 -1.28049851e-03 
 7.70000000e-01  5.10419025e-01  7.70000000e-01  2.59580975e-03  7.70000000e-01 -1.32495068e-03 
 7.80000000e-01  5.12968949e-01  7.80000000e-01  2.67031051e-03  7.80000000e-01 -1.36978637e-03 
 7.90000000e-01  5.15517490e-01  7.90000000e-01  2.74482510e-03  7.90000000e-01 -1.41500534e-03 
 8.00000000e-01  5.18064664e-01  8.00000000e-01  2.81935336e-03  8.00000000e-01 -1.46060735e-03 
 8.10000000e-01  5.20610485e-01  8.10000000e-01  2.89389515e-03  8.10000000e-01 -1.50659216e-03 
 8.20000000e-01  5.23154969e-01  8.20000000e-01  2.96845031e-03  8.20000000e-01 -1.55295953e-03 
 8.30000000e-01  5.25698131e-01  8.30000000e-01  3.04301869e-03  8.30000000e-01 -1.59970924e-03 
 8.40000000e-01  5.28239983e-01  8.40000000e-01  3.11760017e-03  8.40000000e-01 -1.64684106e-03 
 8.50000000e-01  5.30780542e-01  8.50000000e-01  3.19219458e-03  8.50000000e-01 -1.69435477e-03 
 8.60000000e-01  5.33319821e-01  8.60000000e-01  3.26680179e-03  8.60000000e-01 -1.74225015e-03 
 8.70000000e-01  5.35857834e-01  8.70000000e-01  3.34142166e-03  8.70000000e-01 -1.79052697e-03 
 8.80000000e-01  5.38394594e-01  8.80000000e-01  3.41605406e-03  8.80000000e-01 -1.83918504e-03 
 8.90000000e-01  5.40930115e-01  8.90000000e-01  3.49069885e-03  8.90000000e-01 -1.88822413e-03 
 9.00000000e-01  5.43464409e-01  9.00000000e-01  3.56535591e-03  9.00000000e-01 -1.93764404e-03 
 9.10000000e-01  5.45997490e-01  9.10000000e-01  3.64002510e-03  9.10000000e-01 -1.98744457e-03 
 9.20000000e-01  5.48529370e-01  9.20000000e-01  3.71470630e-03  9.20000000e-01 -2.03762551e-03 
 9.30000000e-01  5.51060063e-01  9.30000000e-01  3.78939937e-03  9.30000000e-01 -2.08818666e-03 
 9.40000000e-01  5.53589579e-01  9.40000000e-01  3.86410421e-03  9.40000000e-01 -2.13912782e-03 
 9.50000000e-01  5.56117932e-01  9.50000000e-01  3.93882068e-03  9.50000000e-01 -2.19044881e-03 
 9.60000000e-01  5.58645134e-01  9.60000000e-01  4.01354866e-03  9.60000000e-01 -2.24214943e-03 
 9.70000000e-01  5.61171195e-01  9.70000000e-01  4.08828805e-03  9.70000000e-01 -2.29422949e-03 
 9.80000000e-01  5.63696128e-01  9.80000000e-01  4.16303872e-03  9.80000000e-01 -2.34668881e-03 
 9.90000000e-01  5.66219945e-01  9.90000000e-01  4.23780055e-03  9.90000000e-01 -2.39952719e-03 
 1.00000000e+00  5.68742655e-01  1.00000000e+00  4.31257345e-03  1.00000000e+00 -2.45274447e-03 
 1.01000000e+00  5.71264272e-01  1.01000000e+00  4.38735728e-03  1.01000000e+00 -2.50634046e-03 
 1.02000000e+00  5.73784804e-01  1.02000000e+00  4.46215196e-03  1.02000000e+00 -2.56031499e-03 
 1.03000000e+00  5.76304264e-01  1.03000000e+00  4.53695736e-03  1.03000000e+00 -2.61466787e-03 
 1.04000000e+00  5.78822662e-01  1.04000000e+00  4.61177338e-03  1.04000000e+00 -2.66939894e-03 
 1.05000000e+00  5.81340008e-01  1.05000000e+00  4.68659992e-03  1.05000000e+00 -2.72450804e-03 
 1.06000000e+00  5.83856312e-01  1.06000000e+00  4.76143688e-03  1.06000000e+00 -2.77999498e-03 
 1.07000000e+00  5.86371585e-01  1.07000000e+00  4.83628415e-03  1.07000000e+00 -2.83585960e-03 
 1.08000000e+00  5.88885837e-01  1.08000000e+00  4.91114163e-03  1.08000000e+00 -2.89210175e-03 
 1.09000000e+00  5.91399077e-01  1.09000000e+00  4.98600923e-03  1.09000000e+00 -2.94872126e-03 
 1.10000000e+00  5.93911316e-01  1.10000000e+00  5.06088684e-03  1.10000000e+00 -3.00571796e-03 
 1.11000000e+00  5.96422562e-01  1.11000000e+00  5.13577438e-03  1.11000000e+00 -3.06309171e-03 
 1.12000000e+00  5.98932826e-01  1.12000000e+00  5.21067174e-03  1.12000000e+00 -3.12084235e-03 
 1.13000000e+00  6.01442116e-01  1.13000000e+00  5.28557884e-03  1.13000000e+00 -3.17896972e-03 
 1.14000000e+00  6.03950442e-01  1.14000000e+00  5.36049558e-03  1.14000000e+00 -3.23747368e-03 
 1.15000000e+00  6.06457812e-01  1.15000000e+00  5.43542188e-03  1.15000000e+00 -3.29635406e-03 
 1.16000000e+00  6.08964237e-01  1.16000000e+00  5.51035763e-03  1.16000000e+00 -3.35561073e-03 
 1.17000000e+00  6.11469724e-01  1.17000000e+00  5.58530276e-03  1.17000000e+00 -3.41524354e-03 
 1.18000000e+00  6.13974282e-01  1.18000000e+00  5.66025718e-03  1.18000000e+00 -3.47525234e-03 
 1.19000000e+00  6.16477920e-01  1.19000000e+00  5.73522080e-03  1.19000000e+00 -3.53563699e-03 
 1.20000000e+00  6.18980646e-01  1.20000000e+00  5.81019354e-03  1.20000000e+00 -3.59639735e-03 
 1.21000000e+00  6.21482469e-01  1.21000000e+00  5.88517531e-03  1.21000000e+00 -3.65753328e-03 
 1.22000000e+00  6.23983396e-01  1.22000000e+00  5.96016604e-03  1.22000000e+00 -3.71904465e-03 
 1.23000000e+00  6.26483436e-01  1.23000000e+00  6.03516564e-03  1.23000000e+00 -3.78093131e-03 
 1.24000000e+00  6.28982598e-01  1.24000000e+00  6.11017402e-03  1.24000000e+00 -3.84319313e-03 
 1.25000000e+00  6.31480888e-01  1.25000000e+00  6.18519112e-03  1.25000000e+00 -3.90582998e-03 
 1.26000000e+00  6.33978314e-01  1.26000000e+00  6.26021686e-03  1.26000000e+00 -3.96884173e-03 
 1.27000000e+00  6.36474885e-01  1.27000000e+00  6.33525115e-03  1.27000000e+00 -4.03222825e-03 
 1.28000000e+00  6.38970608e-01  1.28000000e+00  6.41029392e-03  1.28000000e+00 -4.09598940e-03 
 1.29000000e+00  6.41465490e-01  1.29000000e+00  6.48534510e-03  1.29000000e+00 -4.16012507e-03 
 1.30000000e+00  6.43959538e-01  1.30000000e+00  6.56040462e-03  1.30000000e+00 -4.22463513e-03 
 1.31000000e+00  6.46452761e-01  1.31000000e+00  6.63547239e-03  1.31000000e+00 -4.28951945e-03 
 1.32000000e+00  6.48945165e-01  1.32000000e+00  6.71054835e-03  1.32000000e+00 -4.35477791e-03 
 1.33000000e+00  6.51436757e-01  1.33000000e+00  6.78563243e-03  1.33000000e+00 -4.42041038e-03 
 1.34000000e+00  6.53927544e-01  1.34000000e+00  6.86072456e-03  1.34000000e+00 -4.48641676e-03 
 1.35000000e+00  6.56417534e-01  1.35000000e+00  6.93582466e-03  1.35000000e+00 -4.55279692e-03 
 1.36000000e+00  6.58906732e-01  1.36000000e+00  7.01093268e-03  1.36000000e+00 -4.61955074e-03 
 1.37000000e+00  6.61395147e-01  1.37000000e+00  7.08604853e-03  1.37000000e+00 -4.68667811e-03 
 1.38000000e+00  6.63882783e-01  1.38000000e+00  7.16117217e-03  1.38000000e+00 -4.75417891e-03 
 1.39000000e+00  6.66369649e-01  1.39000000e+00  7.23630351e-03  1.39000000e+00 -4.82205303e-03 
 1.40000000e+00  6.68855751e-01  1.40000000e+00  7.31144249e-03  1.40000000e+00 -4.89030036e-03 
 1.41000000e+00  6.71341094e-01  1.41000000e+00  7.38658906e-03  1.41000000e+00 -4.95892078e-03 
 1.42000000e+00  6.73825686e-01  1.42000000e+00  7.46174314e-03  1.42000000e+00 -5.02791419e-03 
 1.43000000e+00  6.76309532e-01  1.43000000e+00  7.53690468e-03  1.43000000e+00 -5.09728048e-03 
 1.44000000e+00  6.78792639e-01  1.44000000e+00  7.61207361e-03  1.44000000e+00 -5.16701953e-03 
 1.45000000e+00  6.81275013e-01  1.45000000e+00  7.68724987e-03  1.45000000e+00 -5.23713125e-03 
 1.46000000e+00  6.83756659e-01  1.46000000e+00  7.76243341e-03  1.46000000e+00 -5.30761553e-03 
 1.47000000e+00  6.86237585e-01  1.47000000e+00  7.83762415e-03  1.47000000e+00 -5.37847227e-03 
 1.48000000e+00  6.88717795e-01  1.48000000e+00  7.91282205e-03  1.48000000e+00 -5.44970135e-03 
 1.49000000e+00  6.91197295e-01  1.49000000e+00  7.98802705e-03  1.49000000e+00 -5.52130269e-03 
 1.50000000e+00  6.93676092e-01  1.50000000e+00  8.06323908e-03  1.50000000e+00 -5.59327617e-03 
 1.51000000e+00  6.96154191e-01  1.51000000e+00  8.13845809e-03  1.51000000e+00 -5.66562171e-03 
 1.52000000e+00  6.98631597e-01  1.52000000e+00  8.21368403e-03  1.52000000e+00 -5.73833919e-03 
 1.53000000e+00  7.01108316e-01  1.53000000e+00  8.28891684e-03  1.53000000e+00 -5.81142853e-03 
 1.54000000e+00  7.03584354e-01  1.54000000e+00  8.36415646e-03  1.54000000e+00 -5.88488962e-03 
 1.55000000e+00  7.06059716e-01  1.55000000e+00  8.43940284e-03  1.55000000e+00 -5.95872237e-03 
 1.56000000e+00  7.08534407e-01  1.56000000e+00  8.51465593e-03  1.56000000e+00 -6.03292669e-03 
 1.57000000e+00  7.11008433e-01  1.57000000e+00  8.58991567e-03  1.57000000e+00 -6.10750248e-03 
 1.58000000e+00  7.13481798e-01  1.58000000e+00  8.66518202e-03  1.58000000e+00 -6.18244965e-03 
 1.59000000e+00  7.15954508e-01  1.59000000e+00  8.74045492e-03  1.59000000e+00 -6.25776810e-03 
 1.60000000e+00  7.18426569e-01  1.60000000e+00  8.81573431e-03  1.60000000e+00 -6.33345775e-03 
 1.61000000e+00  7.20897984e-01  1.61000000e+00  8.89102016e-03  1.61000000e+00 -6.40951851e-03 
 1.62000000e+00  7.23368760e-01  1.62000000e+00  8.96631240e-03  1.62000000e+00 -6.48595028e-03 
 1.63000000e+00  7.25838900e-01  1.63000000e+00  9.04161100e-03  1.63000000e+00 -6.56275298e-03 
 1.64000000e+00  7.28308411e-01  1.64000000e+00  9.11691589e-03  1.64000000e+00 -6.63992652e-03 
 1.65000000e+00  7.30777296e-01  1.65000000e+00  9.19222704e-03  1.65000000e+00 -6.71747082e-03 
 1.66000000e+00  7.33245560e-01  1.66000000e+00  9.26754440e-03  1.66000000e+00 -6.79538578e-03 
 1.67000000e+00  7.35713209e-01  1.67000000e+00  9.34286791e-03  1.67000000e+00 -6.87367133e-03 
 1.68000000e+00  7.38180246e-01  1.68000000e+00  9.41819754e-03  1.68000000e+00 -6.95232738e-03 
 1.69000000e+00  7.40646677e-01  1.69000000e+00  9.49353323e-03  1.69000000e+00 -7.03135384e-03 
 1.70000000e+00  7.43112506e-01  1.70000000e+00  9.56887494e-03  1.70000000e+00 -7.11075064e-03 
 1.71000000e+00  7.45577737e-01  1.71000000e+00  9.64422263e-03  1.71000000e+00 -7.19051768e-03 
 1.72000000e+00  7.48042375e-01  1.72000000e+00  9.71957625e-03  1.72000000e+00 -7.27065490e-03 
 1.73000000e+00  7.50506424e-01  1.73000000e+00  9.79493576e-03  1.73000000e+00 -7.35116221e-03 
 1.74000000e+00  7.52969889e-01  1.74000000e+00  9.87030111e-03  1.74000000e+00 -7.43203953e-03 
 1.75000000e+00  7.55432774e-01  1.75000000e+00  9.94567226e-03  1.75000000e+00 -7.51328679e-03 
 1.76000000e+00  7.57895083e-01  1.76000000e+00  1.00210492e-02  1.76000000e+00 -7.59490389e-03 
 1.77000000e+00  7.60356821e-01  1.77000000e+00  1.00964318e-02  1.77000000e+00 -7.67689078e-03 
 1.78000000e+00  7.62817991e-01  1.78000000e+00  1.01718201e-02  1.78000000e+00 -7.75924737e-03 
 1.79000000e+00  7.65278598e-01  1.79000000e+00  1.02472140e-02  1.79000000e+00 -7.84197358e-03 
 1.80000000e+00  7.67738646e-01  1.80000000e+00  1.03226135e-02  1.80000000e+00 -7.92506934e-03 
 1.81000000e+00  7.70198138e-01  1.81000000e+00  1.03980186e-02  1.81000000e+00 -8.00853458e-03 
 1.82000000e+00  7.72657079e-01  1.82000000e+00  1.04734292e-02  1.82000000e+00 -8.09236922e-03 
 1.83000000e+00  7.75115473e-01  1.83000000e+00  1.05488453e-02  1.83000000e+00 -8.17657319e-03 
 1.84000000e+00  7.77573324e-01  1.84000000e+00  1.06242668e-02  1.84000000e+00 -8.26114642e-03 
 1.85000000e+00  7.80030635e-01  1.85000000e+00  1.06996937e-02  1.85000000e+00 -8.34608883e-03 
 1.86000000e+00  7.82487410e-01  1.86000000e+00  1.07751259e-02  1.86000000e+00 -8.43140036e-03 
 1.87000000e+00  7.84943654e-01  1.87000000e+00  1.08505635e-02  1.87000000e+00 -8.51708093e-03 
 1.88000000e+00  7.87399369e-01  1.88000000e+00  1.09260063e-02  1.88000000e+00 -8.60313047e-03 
 1.89000000e+00  7.89854560e-01  1.89000000e+00  1.10014544e-02  1.89000000e+00 -8.68954892e-03 
 1.90000000e+00  7.92309230e-01  1.90000000e+00  1.10769077e-02  1.90000000e+00 -8.77633621e-03 
 1.91000000e+00  7.94763383e-01  1.91000000e+00  1.11523662e-02  1.91000000e+00 -8.86349227e-03 
 1.92000000e+00  7.97217023e-01  1.92000000e+00  1.12278298e-02  1.92000000e+00 -8.95101702e-03 
 1.93000000e+00  7.99670152e-01  1.93000000e+00  1.13032985e-02  1.93000000e+00 -9.03891041e-03 
 1.94000000e+00  8.02122775e-01  1.94000000e+00  1.13787723e-02  1.94000000e+00 -9.12717237e-03 
 1.95000000e+00  8.04574895e-01  1.95000000e+00  1.14542511e-02  1.95000000e+00 -9.21580283e-03 
 1.96000000e+00  8.07026515e-01  1.96000000e+00  1.15297349e-02  1.96000000e+00 -9.30480173e-03 
 1.97000000e+00  8.09477639e-01  1.97000000e+00  1.16052236e-02  1.97000000e+00 -9.39416901e-03 
 1.98000000e+00  8.11928270e-01  1.98000000e+00  1.16807173e-02  1.98000000e+00 -9.48390459e-03 
 1.99000000e+00  8.14378412e-01  1.99000000e+00  1.17562159e-02  1.99000000e+00 -9.57400842e-03 
 2.00000000e+00  8.16828068e-01  2.00000000e+00  1.18317193e-02  2.00000000e+00 -9.66448043e-03 
