-2.00000000e+00 -1.66547850e+00 -2.00000000e+00 -3.34521503e-03 
-1.99000000e+00 -1.65714516e+00 -1.99000000e+00 -3.32854838e-03 
-1.98000000e+00 -1.64881183e+00 -1.98000000e+00 -3.31188174e-03 
-1.97000000e+00 -1.64047849e+00 -1.97000000e+00 -3.29521509e-03 
-1.96000000e+00 -1.63214516e+00 -1.96000000e+00 -3.27854844e-03 
-1.95000000e+00 -1.62381182e+00 -1.95000000e+00 -3.26188179e-03 
-1.94000000e+00 -1.61547849e+00 -1.94000000e+00 -3.24521514e-03 
-1.93000000e+00 -1.60714515e+00 -1.93000000e+00 -3.22854849e-03 
-1.92000000e+00 -1.59881182e+00 -1.92000000e+00 -3.21188184e-03 
-1.91000000e+00 -1.59047848e+00 -1.91000000e+00 -3.19521519e-03 
-1.90000000e+00 -1.58214515e+00 -1.90000000e+00 -3.17854854e-03 
-1.89000000e+00 -1.57381181e+00 -1.89000000e+00 -3.16188189e-03 
-1.88000000e+00 -1.56547848e+00 -1.88000000e+00 -3.14521524e-03 
-1.87000000e+00 -1.55714514e+00 -1.87000000e+00 -3.12854859e-03 
-1.86000000e+00 -1.54881181e+00 -1.86000000e+00 -3.11188194e-03 
-1.85000000e+00 -1.54047847e+00 -1.85000000e+00 -3.09521528e-03 
-1.84000000e+00 -1.53214514e+00 -1.84000000e+00 -3.07854863e-03 
-1.83000000e+00 -1.52381180e+00 -1.83000000e+00 -3.06188198e-03 
-1.82000000e+00 -1.51547847e+00 -1.82000000e+00 -3.04521533e-03 
-1.81000000e+00 -1.50714513e+00 -1.81000000e+00 -3.02854867e-03 
-1.80000000e+00 -1.49881180e+00 -1.80000000e+00 -3.01188202e-03 
-1.79000000e+00 -1.49047846e+00 -1.79000000e+00 -2.99521537e-03 
-1.78000000e+00 -1.48214513e+00 -1.78000000e+00 -2.97854871e-03 
-1.77000000e+00 -1.47381179e+00 -1.77000000e+00 -2.96188206e-03 
-1.76000000e+00 -1.46547846e+00 -1.76000000e+00 -2.94521541e-03 
-1.75000000e+00 -1.45714512e+00 -1.75000000e+00 -2.92854875e-03 
-1.74000000e+00 -1.44881179e+00 -1.74000000e+00 -2.91188210e-03 
-1.73000000e+00 -1.44047846e+00 -1.73000000e+00 -2.89521544e-03 
-1.72000000e+00 -1.43214512e+00 -1.72000000e+00 -2.87854879e-03 
-1.71000000e+00 -1.42381179e+00 -1.71000000e+00 -2.86188213e-03 
-1.70000000e+00 -1.41547845e+00 -1.70000000e+00 -2.84521547e-03 
-1.69000000e+00 -1.40714512e+00 -1.69000000e+00 -2.82854881e-03 
-1.68000000e+00 -1.39881178e+00 -1.68000000e+00 -2.81188216e-03 
-1.67000000e+00 -1.39047845e+00 -1.67000000e+00 -2.79521550e-03 
-1.66000000e+00 -1.38214512e+00 -1.66000000e+00 -2.77854884e-03 
-1.65000000e+00 -1.37381178e+00 -1.65000000e+00 -2.76188218e-03 
-1.64000000e+00 -1.36547845e+00 -1.64000000e+00 -2.74521552e-03 
-1.63000000e+00 -1.35714511e+00 -1.63000000e+00 -2.72854886e-03 
-1.62000000e+00 -1.34881178e+00 -1.62000000e+00 -2.71188220e-03 
-1.61000000e+00 -1.34047845e+00 -1.61000000e+00 -2.69521554e-03 
-1.60000000e+00 -1.33214511e+00 -1.60000000e+00 -2.67854888e-03 
-1.59000000e+00 -1.32381178e+00 -1.59000000e+00 -2.66188222e-03 
-1.58000000e+00 -1.31547844e+00 -1.58000000e+00 -2.64521555e-03 
-1.57000000e+00 -1.30714511e+00 -1.57000000e+00 -2.62854889e-03 
-1.56000000e+00 -1.29881178e+00 -1.56000000e+00 -2.61188223e-03 
-1.55000000e+00 -1.29047844e+00 -1.55000000e+00 -2.59521556e-03 
-1.54000000e+00 -1.28214511e+00 -1.54000000e+00 -2.57854890e-03 
-1.53000000e+00 -1.27381178e+00 -1.53000000e+00 -2.56188223e-03 
-1.52000000e+00 -1.26547844e+00 -1.52000000e+00 -2.54521556e-03 
-1.51000000e+00 -1.25714511e+00 -1.51000000e+00 -2.52854890e-03 
-1.50000000e+00 -1.24881178e+00 -1.50000000e+00 -2.51188223e-03 
-1.49000000e+00 -1.24047844e+00 -1.49000000e+00 -2.49521556e-03 
-1.48000000e+00 -1.23214511e+00 -1.48000000e+00 -2.47854889e-03 
-1.47000000e+00 -1.22381178e+00 -1.47000000e+00 -2.46188222e-03 
-1.46000000e+00 -1.21547845e+00 -1.46000000e+00 -2.44521555e-03 
-1.45000000e+00 -1.20714511e+00 -1.45000000e+00 -2.42854888e-03 
-1.44000000e+00 -1.19881178e+00 -1.44000000e+00 -2.41188220e-03 
-1.43000000e+00 -1.19047845e+00 -1.43000000e+00 -2.39521553e-03 
-1.42000000e+00 -1.18214511e+00 -1.42000000e+00 -2.37854885e-03 
-1.41000000e+00 -1.17381178e+00 -1.41000000e+00 -2.36188218e-03 
-1.40000000e+00 -1.16547845e+00 -1.40000000e+00 -2.34521550e-03 
-1.39000000e+00 -1.15714512e+00 -1.39000000e+00 -2.32854882e-03 
-1.38000000e+00 -1.14881179e+00 -1.38000000e+00 -2.31188214e-03 
-1.37000000e+00 -1.14047845e+00 -1.37000000e+00 -2.29521546e-03 
-1.36000000e+00 -1.13214512e+00 -1.36000000e+00 -2.27854878e-03 
-1.35000000e+00 -1.12381179e+00 -1.35000000e+00 -2.26188209e-03 
-1.34000000e+00 -1.11547846e+00 -1.34000000e+00 -2.24521541e-03 
-1.33000000e+00 -1.10714513e+00 -1.33000000e+00 -2.22854872e-03 
-1.32000000e+00 -1.09881180e+00 -1.32000000e+00 -2.21188203e-03 
-1.31000000e+00 -1.09047847e+00 -1.31000000e+00 -2.19521534e-03 
-1.30000000e+00 -1.08214513e+00 -1.30000000e+00 -2.17854865e-03 
-1.29000000e+00 -1.07381180e+00 -1.29000000e+00 -2.16188196e-03 
-1.28000000e+00 -1.06547847e+00 -1.28000000e+00 -2.14521527e-03 
-1.27000000e+00 -1.05714514e+00 -1.27000000e+00 -2.12854857e-03 
-1.26000000e+00 -1.04881181e+00 -1.26000000e+00 -2.11188187e-03 
-1.25000000e+00 -1.04047848e+00 -1.25000000e+00 -2.09521517e-03 
-1.24000000e+00 -1.03214515e+00 -1.24000000e+00 -2.07854847e-03 
-1.23000000e+00 -1.02381182e+00 -1.23000000e+00 -2.06188177e-03 
-1.22000000e+00 -1.01547849e+00 -1.22000000e+00 -2.04521506e-03 
-1.21000000e+00 -1.00714516e+00 -1.21000000e+00 -2.02854836e-03 
-1.20000000e+00 -9.98811835e-01 -1.20000000e+00 -2.01188165e-03 
-1.19000000e+00 -9.90478507e-01 -1.19000000e+00 -1.99521493e-03 
-1.18000000e+00 -9.82145178e-01 -1.18000000e+00 -1.97854822e-03 
-1.17000000e+00 -9.73811850e-01 -1.17000000e+00 -1.96188150e-03 
-1.16000000e+00 -9.65478522e-01 -1.16000000e+00 -1.94521478e-03 
-1.15000000e+00 -9.57145195e-01 -1.15000000e+00 -1.92854805e-03 
-1.14000000e+00 -9.48811867e-01 -1.14000000e+00 -1.91188133e-03 
-1.13000000e+00 -9.40478540e-01 -1.13000000e+00 -1.89521460e-03 
-1.12000000e+00 -9.32145213e-01 -1.12000000e+00 -1.87854787e-03 
-1.11000000e+00 -9.23811887e-01 -1.11000000e+00 -1.86188113e-03 
-1.10000000e+00 -9.15478561e-01 -1.10000000e+00 -1.84521439e-03 
-1.09000000e+00 -9.07145235e-01 -1.09000000e+00 -1.82854765e-03 
-1.08000000e+00 -8.98811910e-01 -1.08000000e+00 -1.81188090e-03 
-1.07000000e+00 -8.90478585e-01 -1.07000000e+00 -1.79521415e-03 
-1.06000000e+00 -8.82145261e-01 -1.06000000e+00 -1.77854739e-03 
-1.05000000e+00 -8.73811937e-01 -1.05000000e+00 -1.76188063e-03 
-1.04000000e+00 -8.65478614e-01 -1.04000000e+00 -1.74521386e-03 
-1.03000000e+00 -8.57145291e-01 -1.03000000e+00 -1.72854709e-03 
-1.02000000e+00 -8.48811968e-01 -1.02000000e+00 -1.71188032e-03 
-1.01000000e+00 -8.40478646e-01 -1.01000000e+00 -1.69521354e-03 
-1.00000000e+00 -8.32145325e-01 -1.00000000e+00 -1.67854675e-03 
-9.90000000e-01 -8.23812004e-01 -9.90000000e-01 -1.66187996e-03 
-9.80000000e-01 -8.15478684e-01 -9.80000000e-01 -1.64521316e-03 
-9.70000000e-01 -8.07145365e-01 -9.70000000e-01 -1.62854635e-03 
-9.60000000e-01 -7.98812046e-01 -9.60000000e-01 -1.61187954e-03 
-9.50000000e-01 -7.90478728e-01 -9.50000000e-01 -1.59521272e-03 
-9.40000000e-01 -7.82145411e-01 -9.40000000e-01 -1.57854589e-03 
-9.30000000e-01 -7.73812094e-01 -9.30000000e-01 -1.56187906e-03 
-9.20000000e-01 -7.65478779e-01 -9.20000000e-01 -1.54521221e-03 
-9.10000000e-01 -7.57145464e-01 -9.10000000e-01 -1.52854536e-03 
-9.00000000e-01 -7.48812151e-01 -9.00000000e-01 -1.51187849e-03 
-8.90000000e-01 -7.40478838e-01 -8.90000000e-01 -1.49521162e-03 
-8.80000000e-01 -7.32145526e-01 -8.80000000e-01 -1.47854474e-03 
-8.70000000e-01 -7.23812216e-01 -8.70000000e-01 -1.46187784e-03 
-8.60000000e-01 -7.15478907e-01 -8.60000000e-01 -1.44521093e-03 
-8.50000000e-01 -7.07145599e-01 -8.50000000e-01 -1.42854401e-03 
-8.40000000e-01 -6.98812293e-01 -8.40000000e-01 -1.41187707e-03 
-8.30000000e-01 -6.90478987e-01 -8.30000000e-01 -1.39521013e-03 
-8.20000000e-01 -6.82145684e-01 -8.20000000e-01 -1.37854316e-03 
-8.10000000e-01 -6.73812382e-01 -8.10000000e-01 -1.36187618e-03 
-8.00000000e-01 -6.65479082e-01 -8.00000000e-01 -1.34520918e-03 
-7.90000000e-01 -6.57145784e-01 -7.90000000e-01 -1.32854216e-03 
-7.80000000e-01 -6.48812487e-01 -7.80000000e-01 -1.31187513e-03 
-7.70000000e-01 -6.40479193e-01 -7.70000000e-01 -1.29520807e-03 
-7.60000000e-01 -6.32145901e-01 -7.60000000e-01 -1.27854099e-03 
-7.50000000e-01 -6.23812611e-01 -7.50000000e-01 -1.26187389e-03 
-7.40000000e-01 -6.15479324e-01 -7.40000000e-01 -1.24520676e-03 
-7.30000000e-01 -6.07146040e-01 -7.30000000e-01 -1.22853960e-03 
-7.20000000e-01 -5.98812758e-01 -7.20000000e-01 -1.21187242e-03 
-7.10000000e-01 -5.90479480e-01 -7.10000000e-01 -1.19520520e-03 
-7.00000000e-01 -5.82146205e-01 -7.00000000e-01 -1.17853795e-03 
-6.90000000e-01 -5.73812934e-01 -6.90000000e-01 -1.16187066e-03 
-6.80000000e-01 -5.65479666e-01 -6.80000000e-01 -1.14520334e-03 
-6.70000000e-01 -5.57146403e-01 -6.70000000e-01 -1.12853597e-03 
-6.60000000e-01 -5.48813144e-01 -6.60000000e-01 -1.11186856e-03 
-6.50000000e-01 -5.40479890e-01 -6.50000000e-01 -1.09520110e-03 
-6.40000000e-01 -5.32146642e-01 -6.40000000e-01 -1.07853358e-03 
-6.30000000e-01 -5.23813398e-01 -6.30000000e-01 -1.06186602e-03 
-6.20000000e-01 -5.15480161e-01 -6.20000000e-01 -1.04519839e-03 
-6.10000000e-01 -5.07146931e-01 -6.10000000e-01 -1.02853069e-03 
-6.00000000e-01 -4.98813708e-01 -6.00000000e-01 -1.01186292e-03 
-5.90000000e-01 -4.90480493e-01 -5.90000000e-01 -9.95195074e-04 
-5.80000000e-01 -4.82147286e-01 -5.80000000e-01 -9.78527143e-04 
-5.70000000e-01 -4.73814088e-01 -5.70000000e-01 -9.61859119e-04 
-5.60000000e-01 -4.65480901e-01 -5.60000000e-01 -9.45190994e-04 
-5.50000000e-01 -4.57147724e-01 -5.50000000e-01 -9.28522759e-04 
-5.40000000e-01 -4.48814560e-01 -5.40000000e-01 -9.11854404e-04 
-5.30000000e-01 -4.40481408e-01 -5.30000000e-01 -8.95185915e-04 
-5.20000000e-01 -4.32148272e-01 -5.20000000e-01 -8.78517282e-04 
-5.10000000e-01 -4.23815151e-01 -5.10000000e-01 -8.61848488e-04 
-5.00000000e-01 -4.15482048e-01 -5.00000000e-01 -8.45179518e-04 
-4.90000000e-01 -4.07148965e-01 -4.90000000e-01 -8.28510354e-04 
-4.80000000e-01 -3.98815903e-01 -4.80000000e-01 -8.11840973e-04 
-4.70000000e-01 -3.90482865e-01 -4.70000000e-01 -7.95171354e-04 
-4.60000000e-01 -3.82149853e-01 -4.60000000e-01 -7.78501470e-04 
-4.50000000e-01 -3.73816871e-01 -4.50000000e-01 -7.61831289e-04 
-4.40000000e-01 -3.65483922e-01 -4.40000000e-01 -7.45160778e-04 
-4.30000000e-01 -3.57151010e-01 -4.30000000e-01 -7.28489897e-04 
-4.20000000e-01 -3.48818140e-01 -4.20000000e-01 -7.11818601e-04 
-4.10000000e-01 -3.40485316e-01 -4.10000000e-01 -6.95146838e-04 
-4.00000000e-01 -3.32152545e-01 -4.00000000e-01 -6.78474548e-04 
-3.90000000e-01 -3.23819834e-01 -3.90000000e-01 -6.61801661e-04 
-3.80000000e-01 -3.15487190e-01 -3.80000000e-01 -6.45128097e-04 
-3.70000000e-01 -3.07154624e-01 -3.70000000e-01 -6.28453761e-04 
-3.60000000e-01 -2.98822146e-01 -3.60000000e-01 -6.11778542e-04 
-3.50000000e-01 -2.90489769e-01 -3.50000000e-01 -5.95102311e-04 
-3.40000000e-01 -2.82157509e-01 -3.40000000e-01 -5.78424913e-04 
-3.30000000e-01 -2.73825383e-01 -3.30000000e-01 -5.61746165e-04 
-3.20000000e-01 -2.65493415e-01 -3.20000000e-01 -5.45065850e-04 
-3.10000000e-01 -2.57161629e-01 -3.10000000e-01 -5.28383705e-04 
-3.00000000e-01 -2.48830059e-01 -3.00000000e-01 -5.11699414e-04 
-2.90000000e-01 -2.40498741e-01 -2.90000000e-01 -4.95012592e-04 
-2.80000000e-01 -2.32167723e-01 -2.80000000e-01 -4.78322770e-04 
-2.70000000e-01 -2.23837063e-01 -2.70000000e-01 -4.61629368e-04 
-2.60000000e-01 -2.15506833e-01 -2.60000000e-01 -4.44931668e-04 
-2.50000000e-01 -2.07177123e-01 -2.50000000e-01 -4.28228773e-04 
-2.40000000e-01 -1.98848045e-01 -2.40000000e-01 -4.11519550e-04 
-2.30000000e-01 -1.90519744e-01 -2.30000000e-01 -3.94802557e-04 
-2.20000000e-01 -1.82192406e-01 -2.20000000e-01 -3.78075940e-04 
-2.10000000e-01 -1.73866271e-01 -2.10000000e-01 -3.61337290e-04 
-2.00000000e-01 -1.65541599e-01 -2.00000000e-01 -3.44584007e-04 
-1.90000000e-01 -1.57218357e-01 -1.90000000e-01 -3.27816428e-04 
-1.80000000e-01 -1.48896713e-01 -1.80000000e-01 -3.11032869e-04 
-1.70000000e-01 -1.40576919e-01 -1.70000000e-01 -2.94230808e-04 
-1.60000000e-01 -1.32259267e-01 -1.60000000e-01 -2.77407329e-04 
-1.50000000e-01 -1.23944094e-01 -1.50000000e-01 -2.60559059e-04 
-1.40000000e-01 -1.15631790e-01 -1.40000000e-01 -2.43682100e-04 
-1.30000000e-01 -1.07322805e-01 -1.30000000e-01 -2.26771946e-04 
-1.20000000e-01 -9.90176606e-02 -1.20000000e-01 -2.09823394e-04 
-1.10000000e-01 -9.07169562e-02 -1.10000000e-01 -1.92830438e-04 
-1.00000000e-01 -8.24213855e-02 -1.00000000e-01 -1.75786145e-04 
-9.00000000e-02 -7.41317474e-02 -9.00000000e-02 -1.58682526e-04 
-8.00000000e-02 -6.58489626e-02 -8.00000000e-02 -1.41510374e-04 
-7.00000000e-02 -5.75740907e-02 -7.00000000e-02 -1.24259093e-04 
-6.00000000e-02 -4.93083501e-02 -6.00000000e-02 -1.06916499e-04 
-5.00000000e-02 -4.10531401e-02 -5.00000000e-02 -8.94685991e-05 
-4.00000000e-02 -3.28100653e-02 -4.00000000e-02 -7.18993469e-05 
-3.00000000e-02 -2.45809631e-02 -3.00000000e-02 -5.41903688e-05 
-2.00000000e-02 -1.63679334e-02 -2.00000000e-02 -3.63206661e-05 
-1.00000000e-02 -8.17337085e-03 -1.00000000e-02 -1.82662915e-05 
 1.64104841e-15  8.17602238e-11  1.64104841e-15 -8.17585828e-13 
 1.00000000e-02  8.14908868e-03  1.00000000e-02  1.85091132e-05 
 2.00000000e-02  1.62703999e-02  2.00000000e-02  3.72960012e-05 
 3.00000000e-02  2.43599959e-02  3.00000000e-02  5.64000409e-05 
 4.00000000e-02  3.24134589e-02  4.00000000e-02  7.58654113e-05 
 5.00000000e-02  4.04258559e-02  5.00000000e-02  9.57414414e-05 
 6.00000000e-02  4.83917090e-02  6.00000000e-02  1.16082910e-04 
 7.00000000e-02  5.63049727e-02  7.00000000e-02  1.36950273e-04 
 8.00000000e-02  6.41590216e-02  8.00000000e-02  1.58409784e-04 
 9.00000000e-02  7.19466521e-02  9.00000000e-02  1.80533479e-04 
 1.00000000e-01  7.96601021e-02  1.00000000e-01  2.03398979e-04 
 1.10000000e-01  8.72910904e-02  1.10000000e-01  2.27089096e-04 
 1.20000000e-01  9.48308816e-02  1.20000000e-01  2.51691184e-04 
 1.30000000e-01  1.02270376e-01  1.30000000e-01  2.77296235e-04 
 1.40000000e-01  1.09600229e-01  1.40000000e-01  3.03997709e-04 
 1.50000000e-01  1.16810990e-01  1.50000000e-01  3.31890096e-04 
 1.60000000e-01  1.23893274e-01  1.60000000e-01  3.61067260e-04 
 1.70000000e-01  1.30837939e-01  1.70000000e-01  3.91620609e-04 
 1.80000000e-01  1.37636282e-01  1.80000000e-01  4.23637177e-04 
 1.90000000e-01  1.44280229e-01  1.90000000e-01  4.57197710e-04 
 2.00000000e-01  1.50762514e-01  2.00000000e-01  4.92374858e-04 
 2.10000000e-01  1.57076841e-01  2.10000000e-01  5.29231586e-04 
 2.20000000e-01  1.63218011e-01  2.20000000e-01  5.67819889e-04 
 2.30000000e-01  1.69182012e-01  2.30000000e-01  6.08179879e-04 
 2.40000000e-01  1.74966072e-01  2.40000000e-01  6.50339284e-04 
 2.50000000e-01  1.80568662e-01  2.50000000e-01  6.94313379e-04 
 2.60000000e-01  1.85989470e-01  2.60000000e-01  7.40105303e-04 
 2.70000000e-01  1.91229326e-01  2.70000000e-01  7.87706735e-04 
 2.80000000e-01  1.96290116e-01  2.80000000e-01  8.37098842e-04 
 2.90000000e-01  2.01174657e-01  2.90000000e-01  8.88253434e-04 
 3.00000000e-01  2.05886575e-01  3.00000000e-01  9.41134248e-04 
 3.10000000e-01  2.10430173e-01  3.10000000e-01  9.95698275e-04 
 3.20000000e-01  2.14810292e-01  3.20000000e-01  1.05189708e-03 
 3.30000000e-01  2.19032194e-01  3.30000000e-01  1.10967806e-03 
 3.40000000e-01  2.23101438e-01  3.40000000e-01  1.16898562e-03 
 3.50000000e-01  2.27023783e-01  3.50000000e-01  1.22976217e-03 
 3.60000000e-01  2.30805089e-01  3.60000000e-01  1.29194911e-03 
 3.70000000e-01  2.34451246e-01  3.70000000e-01  1.35548754e-03 
 3.80000000e-01  2.37968108e-01  3.80000000e-01  1.42031892e-03 
 3.90000000e-01  2.41361438e-01  3.90000000e-01  1.48638562e-03 
 4.00000000e-01  2.44636868e-01  4.00000000e-01  1.55363132e-03 
 4.10000000e-01  2.47799870e-01  4.10000000e-01  1.62200130e-03 
 4.20000000e-01  2.50855728e-01  4.20000000e-01  1.69144272e-03 
 4.30000000e-01  2.53809524e-01  4.30000000e-01  1.76190476e-03 
 4.40000000e-01  2.56666130e-01  4.40000000e-01  1.83333870e-03 
 4.50000000e-01  2.59430199e-01  4.50000000e-01  1.90569801e-03 
 4.60000000e-01  2.62106164e-01  4.60000000e-01  1.97893836e-03 
 4.70000000e-01  2.64698243e-01  4.70000000e-01  2.05301757e-03 
 4.80000000e-01  2.67210437e-01  4.80000000e-01  2.12789563e-03 
 4.90000000e-01  2.69646541e-01  4.90000000e-01  2.20353459e-03 
 5.00000000e-01  2.72010148e-01  5.00000000e-01  2.27989852e-03 
 5.10000000e-01  2.74304656e-01  5.10000000e-01  2.35695344e-03 
 5.20000000e-01  2.76533279e-01  5.20000000e-01  2.43466721e-03 
 5.30000000e-01  2.78699055e-01  5.30000000e-01  2.51300945e-03 
 5.40000000e-01  2.80804853e-01  5.40000000e-01  2.59195147e-03 
 5.50000000e-01  2.82853383e-01  5.50000000e-01  2.67146617e-03 
 5.60000000e-01  2.84847206e-01  5.60000000e-01  2.75152794e-03 
 5.70000000e-01  2.86788738e-01  5.70000000e-01  2.83211262e-03 
 5.80000000e-01  2.88680266e-01  5.80000000e-01  2.91319734e-03 
 5.90000000e-01  2.90523946e-01  5.90000000e-01  2.99476054e-03 
 6.00000000e-01  2.92321818e-01  6.00000000e-01  3.07678182e-03 
 6.10000000e-01  2.94075812e-01  6.10000000e-01  3.15924188e-03 
 6.20000000e-01  2.95787749e-01  6.20000000e-01  3.24212251e-03 
 6.30000000e-01  2.97459356e-01  6.30000000e-01  3.32540644e-03 
 6.40000000e-01  2.99092266e-01  6.40000000e-01  3.40907734e-03 
 6.50000000e-01  3.00688024e-01  6.50000000e-01  3.49311976e-03 
 6.60000000e-01  3.02248095e-01  6.60000000e-01  3.57751905e-03 
 6.70000000e-01  3.03773869e-01  6.70000000e-01  3.66226131e-03 
 6.80000000e-01  3.05266660e-01  6.80000000e-01  3.74733340e-03 
 6.90000000e-01  3.06727720e-01  6.90000000e-01  3.83272280e-03 
 7.00000000e-01  3.08158232e-01  7.00000000e-01  3.91841768e-03 
 7.10000000e-01  3.09559324e-01  7.10000000e-01  4.00440676e-03 
 7.20000000e-01  3.10932066e-01  7.20000000e-01  4.09067934e-03 
 7.30000000e-01  3.12277475e-01  7.30000000e-01  4.17722525e-03 
 7.40000000e-01  3.13596519e-01  7.40000000e-01  4.26403481e-03 
 7.50000000e-01  3.14890120e-01  7.50000000e-01  4.35109880e-03 
 7.60000000e-01  3.16159156e-01  7.60000000e-01  4.43840844e-03 
 7.70000000e-01  3.17404462e-01  7.70000000e-01  4.52595538e-03 
 7.80000000e-01  3.18626835e-01  7.80000000e-01  4.61373165e-03 
 7.90000000e-01  3.19827037e-01  7.90000000e-01  4.70172963e-03 
 8.00000000e-01  3.21005792e-01  8.00000000e-01  4.78994208e-03 
 8.10000000e-01  3.22163794e-01  8.10000000e-01  4.87836206e-03 
 8.20000000e-01  3.23301704e-01  8.20000000e-01  4.96698296e-03 
 8.30000000e-01  3.24420156e-01  8.30000000e-01  5.05579844e-03 
 8.40000000e-01  3.25519754e-01  8.40000000e-01  5.14480246e-03 
 8.50000000e-01  3.26601078e-01  8.50000000e-01  5.23398922e-03 
 8.60000000e-01  3.27664682e-01  8.60000000e-01  5.32335318e-03 
 8.70000000e-01  3.28711096e-01  8.70000000e-01  5.41288904e-03 
 8.80000000e-01  3.29740830e-01  8.80000000e-01  5.50259170e-03 
 8.90000000e-01  3.30754371e-01  8.90000000e-01  5.59245629e-03 
 9.00000000e-01  3.31752186e-01  9.00000000e-01  5.68247814e-03 
 9.10000000e-01  3.32734725e-01  9.10000000e-01  5.77265275e-03 
 9.20000000e-01  3.33702417e-01  9.20000000e-01  5.86297583e-03 
 9.30000000e-01  3.34655678e-01  9.30000000e-01  5.95344322e-03 
 9.40000000e-01  3.35594904e-01  9.40000000e-01  6.04405096e-03 
 9.50000000e-01  3.36520477e-01  9.50000000e-01  6.13479523e-03 
 9.60000000e-01  3.37432766e-01  9.60000000e-01  6.22567234e-03 
 9.70000000e-01  3.38332122e-01  9.70000000e-01  6.31667878e-03 
 9.80000000e-01  3.39218887e-01  9.80000000e-01  6.40781113e-03 
 9.90000000e-01  3.40093388e-01  9.90000000e-01  6.49906612e-03 
 1.00000000e+00  3.40955941e-01  1.00000000e+00  6.59044059e-03 
 1.01000000e+00  3.41806849e-01  1.01000000e+00  6.68193151e-03 
 1.02000000e+00  3.42646405e-01  1.02000000e+00  6.77353595e-03 
 1.03000000e+00  3.43474893e-01  1.03000000e+00  6.86525107e-03 
 1.04000000e+00  3.44292584e-01  1.04000000e+00  6.95707416e-03 
 1.05000000e+00  3.45099742e-01  1.05000000e+00  7.04900258e-03 
 1.06000000e+00  3.45896620e-01  1.06000000e+00  7.14103380e-03 
 1.07000000e+00  3.46683464e-01  1.07000000e+00  7.23316536e-03 
 1.08000000e+00  3.47460510e-01  1.08000000e+00  7.32539490e-03 
 1.09000000e+00  3.48227988e-01  1.09000000e+00  7.41772012e-03 
 1.10000000e+00  3.48986118e-01  1.10000000e+00  7.51013882e-03 
 1.11000000e+00  3.49735115e-01  1.11000000e+00  7.60264885e-03 
 1.12000000e+00  3.50475186e-01  1.12000000e+00  7.69524814e-03 
 1.13000000e+00  3.51206530e-01  1.13000000e+00  7.78793470e-03 
 1.14000000e+00  3.51929342e-01  1.14000000e+00  7.88070658e-03 
 1.15000000e+00  3.52643809e-01  1.15000000e+00  7.97356191e-03 
 1.16000000e+00  3.53350113e-01  1.16000000e+00  8.06649887e-03 
 1.17000000e+00  3.54048430e-01  1.17000000e+00  8.15951570e-03 
 1.18000000e+00  3.54738930e-01  1.18000000e+00  8.25261070e-03 
 1.19000000e+00  3.55421780e-01  1.19000000e+00  8.34578220e-03 
 1.20000000e+00  3.56097139e-01  1.20000000e+00  8.43902861e-03 
 1.21000000e+00  3.56765163e-01  1.21000000e+00  8.53234837e-03 
 1.22000000e+00  3.57426002e-01  1.22000000e+00  8.62573998e-03 
 1.23000000e+00  3.58079804e-01  1.23000000e+00  8.71920196e-03 
 1.24000000e+00  3.58726710e-01  1.24000000e+00  8.81273290e-03 
 1.25000000e+00  3.59366858e-01  1.25000000e+00  8.90633142e-03 
 1.26000000e+00  3.60000383e-01  1.26000000e+00  8.99999617e-03 
 1.27000000e+00  3.60627414e-01  1.27000000e+00  9.09372586e-03 
 1.28000000e+00  3.61248079e-01  1.28000000e+00  9.18751921e-03 
 1.29000000e+00  3.61862499e-01  1.29000000e+00  9.28137501e-03 
 1.30000000e+00  3.62470795e-01  1.30000000e+00  9.37529205e-03 
 1.31000000e+00  3.63073082e-01  1.31000000e+00  9.46926918e-03 
 1.32000000e+00  3.63669474e-01  1.32000000e+00  9.56330526e-03 
 1.33000000e+00  3.64260081e-01  1.33000000e+00  9.65739919e-03 
 1.34000000e+00  3.64845010e-01  1.34000000e+00  9.75154990e-03 
 1.35000000e+00  3.65424364e-01  1.35000000e+00  9.84575636e-03 
 1.36000000e+00  3.65998246e-01  1.36000000e+00  9.94001754e-03 
 1.37000000e+00  3.66566753e-01  1.37000000e+00  1.00343325e-02 
 1.38000000e+00  3.67129982e-01  1.38000000e+00  1.01287002e-02 
 1.39000000e+00  3.67688027e-01  1.39000000e+00  1.02231197e-02 
 1.40000000e+00  3.68240979e-01  1.40000000e+00  1.03175902e-02 
 1.41000000e+00  3.68788927e-01  1.41000000e+00  1.04121107e-02 
 1.42000000e+00  3.69331957e-01  1.42000000e+00  1.05066804e-02 
 1.43000000e+00  3.69870155e-01  1.43000000e+00  1.06012985e-02 
 1.44000000e+00  3.70403601e-01  1.44000000e+00  1.06959640e-02 
 1.45000000e+00  3.70932377e-01  1.45000000e+00  1.07906762e-02 
 1.46000000e+00  3.71456561e-01  1.46000000e+00  1.08854344e-02 
 1.47000000e+00  3.71976229e-01  1.47000000e+00  1.09802377e-02 
 1.48000000e+00  3.72491457e-01  1.48000000e+00  1.10750854e-02 
 1.49000000e+00  3.73002316e-01  1.49000000e+00  1.11699768e-02 
 1.50000000e+00  3.73508878e-01  1.50000000e+00  1.12649112e-02 
 1.51000000e+00  3.74011213e-01  1.51000000e+00  1.13598879e-02 
 1.52000000e+00  3.74509388e-01  1.52000000e+00  1.14549061e-02 
 1.53000000e+00  3.75003469e-01  1.53000000e+00  1.15499653e-02 
 1.54000000e+00  3.75493521e-01  1.54000000e+00  1.16450648e-02 
 1.55000000e+00  3.75979607e-01  1.55000000e+00  1.17402039e-02 
 1.56000000e+00  3.76461789e-01  1.56000000e+00  1.18353821e-02 
 1.57000000e+00  3.76940127e-01  1.57000000e+00  1.19305987e-02 
 1.58000000e+00  3.77414680e-01  1.58000000e+00  1.20258532e-02 
 1.59000000e+00  3.77885506e-01  1.59000000e+00  1.21211449e-02 
 1.60000000e+00  3.78352662e-01  1.60000000e+00  1.22164734e-02 
 1.61000000e+00  3.78816201e-01  1.61000000e+00  1.23118380e-02 
 1.62000000e+00  3.79276179e-01  1.62000000e+00  1.24072382e-02 
 1.63000000e+00  3.79732648e-01  1.63000000e+00  1.25026735e-02 
 1.64000000e+00  3.80185659e-01  1.64000000e+00  1.25981434e-02 
 1.65000000e+00  3.80635263e-01  1.65000000e+00  1.26936474e-02 
 1.66000000e+00  3.81081510e-01  1.66000000e+00  1.27891849e-02 
 1.67000000e+00  3.81524448e-01  1.67000000e+00  1.28847555e-02 
 1.68000000e+00  3.81964124e-01  1.68000000e+00  1.29803588e-02 
 1.69000000e+00  3.82400585e-01  1.69000000e+00  1.30759941e-02 
 1.70000000e+00  3.82833876e-01  1.70000000e+00  1.31716612e-02 
 1.71000000e+00  3.83264041e-01  1.71000000e+00  1.32673596e-02 
 1.72000000e+00  3.83691125e-01  1.72000000e+00  1.33630888e-02 
 1.73000000e+00  3.84115169e-01  1.73000000e+00  1.34588483e-02 
 1.74000000e+00  3.84536216e-01  1.74000000e+00  1.35546378e-02 
 1.75000000e+00  3.84954306e-01  1.75000000e+00  1.36504569e-02 
 1.76000000e+00  3.85369480e-01  1.76000000e+00  1.37463052e-02 
 1.77000000e+00  3.85781777e-01  1.77000000e+00  1.38421822e-02 
 1.78000000e+00  3.86191236e-01  1.78000000e+00  1.39380876e-02 
 1.79000000e+00  3.86597894e-01  1.79000000e+00  1.40340211e-02 
 1.80000000e+00  3.87001789e-01  1.80000000e+00  1.41299821e-02 
 1.81000000e+00  3.87402956e-01  1.81000000e+00  1.42259704e-02 
 1.82000000e+00  3.87801433e-01  1.82000000e+00  1.43219857e-02 
 1.83000000e+00  3.88197252e-01  1.83000000e+00  1.44180275e-02 
 1.84000000e+00  3.88590450e-01  1.84000000e+00  1.45140955e-02 
 1.85000000e+00  3.88981059e-01  1.85000000e+00  1.46101894e-02 
 1.86000000e+00  3.89369112e-01  1.86000000e+00  1.47063089e-02 
 1.87000000e+00  3.89754643e-01  1.87000000e+00  1.48024536e-02 
 1.88000000e+00  3.90137682e-01  1.88000000e+00  1.48986232e-02 
 1.89000000e+00  3.90518261e-01  1.89000000e+00  1.49948174e-02 
 1.90000000e+00  3.90896411e-01  1.90000000e+00  1.50910359e-02 
 1.91000000e+00  3.91272162e-01  1.91000000e+00  1.51872784e-02 
 1.92000000e+00  3.91645543e-01  1.92000000e+00  1.52835446e-02 
 1.93000000e+00  3.92016583e-01  1.93000000e+00  1.53798342e-02 
 1.94000000e+00  3.92385311e-01  1.94000000e+00  1.54761469e-02 
 1.95000000e+00  3.92751755e-01  1.95000000e+00  1.55724824e-02 
 1.96000000e+00  3.93115942e-01  1.96000000e+00  1.56688406e-02 
 1.97000000e+00  3.93477900e-01  1.97000000e+00  1.57652210e-02 
 1.98000000e+00  3.93837654e-01  1.98000000e+00  1.58616235e-02 
 1.99000000e+00  3.94195231e-01  1.99000000e+00  1.59580477e-02 
 2.00000000e+00  3.94550656e-01  2.00000000e+00  1.60544934e-02 
