-2.00000000e+00 -1.66265597e+00 -2.00000000e+00 -3.37344026e-03 
-1.99000000e+00 -1.65432264e+00 -1.99000000e+00 -3.35677358e-03 
-1.98000000e+00 -1.64598931e+00 -1.98000000e+00 -3.34010690e-03 
-1.97000000e+00 -1.63765598e+00 -1.97000000e+00 -3.32344022e-03 
-1.96000000e+00 -1.62932265e+00 -1.96000000e+00 -3.30677355e-03 
-1.95000000e+00 -1.62098931e+00 -1.95000000e+00 -3.29010686e-03 
-1.94000000e+00 -1.61265598e+00 -1.94000000e+00 -3.27344018e-03 
-1.93000000e+00 -1.60432265e+00 -1.93000000e+00 -3.25677350e-03 
-1.92000000e+00 -1.59598932e+00 -1.92000000e+00 -3.24010682e-03 
-1.91000000e+00 -1.58765599e+00 -1.91000000e+00 -3.22344013e-03 
-1.90000000e+00 -1.57932266e+00 -1.90000000e+00 -3.20677345e-03 
-1.89000000e+00 -1.57098932e+00 -1.89000000e+00 -3.19010676e-03 
-1.88000000e+00 -1.56265599e+00 -1.88000000e+00 -3.17344007e-03 
-1.87000000e+00 -1.55432266e+00 -1.87000000e+00 -3.15677339e-03 
-1.86000000e+00 -1.54598933e+00 -1.86000000e+00 -3.14010670e-03 
-1.85000000e+00 -1.53765600e+00 -1.85000000e+00 -3.12344001e-03 
-1.84000000e+00 -1.52932267e+00 -1.84000000e+00 -3.10677331e-03 
-1.83000000e+00 -1.52098934e+00 -1.83000000e+00 -3.09010662e-03 
-1.82000000e+00 -1.51265601e+00 -1.82000000e+00 -3.07343993e-03 
-1.81000000e+00 -1.50432268e+00 -1.81000000e+00 -3.05677323e-03 
-1.80000000e+00 -1.49598935e+00 -1.80000000e+00 -3.04010654e-03 
-1.79000000e+00 -1.48765602e+00 -1.79000000e+00 -3.02343984e-03 
-1.78000000e+00 -1.47932269e+00 -1.78000000e+00 -3.00677314e-03 
-1.77000000e+00 -1.47098936e+00 -1.77000000e+00 -2.99010644e-03 
-1.76000000e+00 -1.46265603e+00 -1.76000000e+00 -2.97343974e-03 
-1.75000000e+00 -1.45432270e+00 -1.75000000e+00 -2.95677303e-03 
-1.74000000e+00 -1.44598937e+00 -1.74000000e+00 -2.94010633e-03 
-1.73000000e+00 -1.43765604e+00 -1.73000000e+00 -2.92343962e-03 
-1.72000000e+00 -1.42932271e+00 -1.72000000e+00 -2.90677292e-03 
-1.71000000e+00 -1.42098938e+00 -1.71000000e+00 -2.89010621e-03 
-1.70000000e+00 -1.41265605e+00 -1.70000000e+00 -2.87343949e-03 
-1.69000000e+00 -1.40432272e+00 -1.69000000e+00 -2.85677278e-03 
-1.68000000e+00 -1.39598939e+00 -1.68000000e+00 -2.84010607e-03 
-1.67000000e+00 -1.38765606e+00 -1.67000000e+00 -2.82343935e-03 
-1.66000000e+00 -1.37932274e+00 -1.66000000e+00 -2.80677263e-03 
-1.65000000e+00 -1.37098941e+00 -1.65000000e+00 -2.79010591e-03 
-1.64000000e+00 -1.36265608e+00 -1.64000000e+00 -2.77343919e-03 
-1.63000000e+00 -1.35432275e+00 -1.63000000e+00 -2.75677247e-03 
-1.62000000e+00 -1.34598943e+00 -1.62000000e+00 -2.74010574e-03 
-1.61000000e+00 -1.33765610e+00 -1.61000000e+00 -2.72343901e-03 
-1.60000000e+00 -1.32932277e+00 -1.60000000e+00 -2.70677228e-03 
-1.59000000e+00 -1.32098945e+00 -1.59000000e+00 -2.69010555e-03 
-1.58000000e+00 -1.31265612e+00 -1.58000000e+00 -2.67343881e-03 
-1.57000000e+00 -1.30432279e+00 -1.57000000e+00 -2.65677207e-03 
-1.56000000e+00 -1.29598947e+00 -1.56000000e+00 -2.64010533e-03 
-1.55000000e+00 -1.28765614e+00 -1.55000000e+00 -2.62343859e-03 
-1.54000000e+00 -1.27932282e+00 -1.54000000e+00 -2.60677184e-03 
-1.53000000e+00 -1.27098949e+00 -1.53000000e+00 -2.59010509e-03 
-1.52000000e+00 -1.26265617e+00 -1.52000000e+00 -2.57343834e-03 
-1.51000000e+00 -1.25432284e+00 -1.51000000e+00 -2.55677158e-03 
-1.50000000e+00 -1.24598952e+00 -1.50000000e+00 -2.54010483e-03 
-1.49000000e+00 -1.23765619e+00 -1.49000000e+00 -2.52343807e-03 
-1.48000000e+00 -1.22932287e+00 -1.48000000e+00 -2.50677130e-03 
-1.47000000e+00 -1.22098955e+00 -1.47000000e+00 -2.49010453e-03 
-1.46000000e+00 -1.21265622e+00 -1.46000000e+00 -2.47343776e-03 
-1.45000000e+00 -1.20432290e+00 -1.45000000e+00 -2.45677099e-03 
-1.44000000e+00 -1.19598958e+00 -1.44000000e+00 -2.44010421e-03 
-1.43000000e+00 -1.18765626e+00 -1.43000000e+00 -2.42343742e-03 
-1.42000000e+00 -1.17932294e+00 -1.42000000e+00 -2.40677064e-03 
-1.41000000e+00 -1.17098962e+00 -1.41000000e+00 -2.39010384e-03 
-1.40000000e+00 -1.16265630e+00 -1.40000000e+00 -2.37343705e-03 
-1.39000000e+00 -1.15432298e+00 -1.39000000e+00 -2.35677025e-03 
-1.38000000e+00 -1.14598966e+00 -1.38000000e+00 -2.34010344e-03 
-1.37000000e+00 -1.13765634e+00 -1.37000000e+00 -2.32343663e-03 
-1.36000000e+00 -1.12932302e+00 -1.36000000e+00 -2.30676982e-03 
-1.35000000e+00 -1.12098970e+00 -1.35000000e+00 -2.29010300e-03 
-1.34000000e+00 -1.11265638e+00 -1.34000000e+00 -2.27343617e-03 
-1.33000000e+00 -1.10432307e+00 -1.33000000e+00 -2.25676934e-03 
-1.32000000e+00 -1.09598975e+00 -1.32000000e+00 -2.24010250e-03 
-1.31000000e+00 -1.08765643e+00 -1.31000000e+00 -2.22343566e-03 
-1.30000000e+00 -1.07932312e+00 -1.30000000e+00 -2.20676881e-03 
-1.29000000e+00 -1.07098981e+00 -1.29000000e+00 -2.19010195e-03 
-1.28000000e+00 -1.06265649e+00 -1.28000000e+00 -2.17343509e-03 
-1.27000000e+00 -1.05432318e+00 -1.27000000e+00 -2.15676821e-03 
-1.26000000e+00 -1.04598987e+00 -1.26000000e+00 -2.14010134e-03 
-1.25000000e+00 -1.03765656e+00 -1.25000000e+00 -2.12343445e-03 
-1.24000000e+00 -1.02932324e+00 -1.24000000e+00 -2.10676756e-03 
-1.23000000e+00 -1.02098993e+00 -1.23000000e+00 -2.09010065e-03 
-1.22000000e+00 -1.01265663e+00 -1.22000000e+00 -2.07343374e-03 
-1.21000000e+00 -1.00432332e+00 -1.21000000e+00 -2.05676682e-03 
-1.20000000e+00 -9.95990011e-01 -1.20000000e+00 -2.04009989e-03 
-1.19000000e+00 -9.87656705e-01 -1.19000000e+00 -2.02343295e-03 
-1.18000000e+00 -9.79323400e-01 -1.18000000e+00 -2.00676600e-03 
-1.17000000e+00 -9.70990096e-01 -1.17000000e+00 -1.99009904e-03 
-1.16000000e+00 -9.62656793e-01 -1.16000000e+00 -1.97343207e-03 
-1.15000000e+00 -9.54323492e-01 -1.15000000e+00 -1.95676508e-03 
-1.14000000e+00 -9.45990191e-01 -1.14000000e+00 -1.94009809e-03 
-1.13000000e+00 -9.37656892e-01 -1.13000000e+00 -1.92343108e-03 
-1.12000000e+00 -9.29323594e-01 -1.12000000e+00 -1.90676406e-03 
-1.11000000e+00 -9.20990298e-01 -1.11000000e+00 -1.89009702e-03 
-1.10000000e+00 -9.12657003e-01 -1.10000000e+00 -1.87342997e-03 
-1.09000000e+00 -9.04323710e-01 -1.09000000e+00 -1.85676290e-03 
-1.08000000e+00 -8.95990418e-01 -1.08000000e+00 -1.84009582e-03 
-1.07000000e+00 -8.87657128e-01 -1.07000000e+00 -1.82342872e-03 
-1.06000000e+00 -8.79323840e-01 -1.06000000e+00 -1.80676160e-03 
-1.05000000e+00 -8.70990553e-01 -1.05000000e+00 -1.79009447e-03 
-1.04000000e+00 -8.62657269e-01 -1.04000000e+00 -1.77342731e-03 
-1.03000000e+00 -8.54323986e-01 -1.03000000e+00 -1.75676014e-03 
-1.02000000e+00 -8.45990706e-01 -1.02000000e+00 -1.74009294e-03 
-1.01000000e+00 -8.37657428e-01 -1.01000000e+00 -1.72342572e-03 
-1.00000000e+00 -8.29324152e-01 -1.00000000e+00 -1.70675848e-03 
-9.90000000e-01 -8.20990879e-01 -9.90000000e-01 -1.69009121e-03 
-9.80000000e-01 -8.12657608e-01 -9.80000000e-01 -1.67342392e-03 
-9.70000000e-01 -8.04324340e-01 -9.70000000e-01 -1.65675660e-03 
-9.60000000e-01 -7.95991075e-01 -9.60000000e-01 -1.64008925e-03 
-9.50000000e-01 -7.87657813e-01 -9.50000000e-01 -1.62342187e-03 
-9.40000000e-01 -7.79324554e-01 -9.40000000e-01 -1.60675446e-03 
-9.30000000e-01 -7.70991299e-01 -9.30000000e-01 -1.59008701e-03 
-9.20000000e-01 -7.62658047e-01 -9.20000000e-01 -1.57341953e-03 
-9.10000000e-01 -7.54324799e-01 -9.10000000e-01 -1.55675201e-03 
-9.00000000e-01 -7.45991555e-01 -9.00000000e-01 -1.54008445e-03 
-8.90000000e-01 -7.37658315e-01 -8.90000000e-01 -1.52341685e-03 
-8.80000000e-01 -7.29325079e-01 -8.80000000e-01 -1.50674921e-03 
-8.70000000e-01 -7.20991848e-01 -8.70000000e-01 -1.49008152e-03 
-8.60000000e-01 -7.12658623e-01 -8.60000000e-01 -1.47341377e-03 
-8.50000000e-01 -7.04325402e-01 -8.50000000e-01 -1.45674598e-03 
-8.40000000e-01 -6.95992187e-01 -8.40000000e-01 -1.44007813e-03 
-8.30000000e-01 -6.87658978e-01 -8.30000000e-01 -1.42341022e-03 
-8.20000000e-01 -6.79325776e-01 -8.20000000e-01 -1.40674224e-03 
-8.10000000e-01 -6.70992580e-01 -8.10000000e-01 -1.39007420e-03 
-8.00000000e-01 -6.62659391e-01 -8.00000000e-01 -1.37340609e-03 
-7.90000000e-01 -6.54326210e-01 -7.90000000e-01 -1.35673790e-03 
-7.80000000e-01 -6.45993037e-01 -7.80000000e-01 -1.34006963e-03 
-7.70000000e-01 -6.37659872e-01 -7.70000000e-01 -1.32340128e-03 
-7.60000000e-01 -6.29326717e-01 -7.60000000e-01 -1.30673283e-03 
-7.50000000e-01 -6.20993571e-01 -7.50000000e-01 -1.29006429e-03 
-7.40000000e-01 -6.12660436e-01 -7.40000000e-01 -1.27339564e-03 
-7.30000000e-01 -6.04327313e-01 -7.30000000e-01 -1.25672687e-03 
-7.20000000e-01 -5.95994201e-01 -7.20000000e-01 -1.24005799e-03 
-7.10000000e-01 -5.87661103e-01 -7.10000000e-01 -1.22338897e-03 
-7.00000000e-01 -5.79328018e-01 -7.00000000e-01 -1.20671982e-03 
-6.90000000e-01 -5.70994948e-01 -6.90000000e-01 -1.19005052e-03 
-6.80000000e-01 -5.62661894e-01 -6.80000000e-01 -1.17338106e-03 
-6.70000000e-01 -5.54328857e-01 -6.70000000e-01 -1.15671143e-03 
-6.60000000e-01 -5.45995839e-01 -6.60000000e-01 -1.14004161e-03 
-6.50000000e-01 -5.37662841e-01 -6.50000000e-01 -1.12337159e-03 
-6.40000000e-01 -5.29329864e-01 -6.40000000e-01 -1.10670136e-03 
-6.30000000e-01 -5.20996911e-01 -6.30000000e-01 -1.09003089e-03 
-6.20000000e-01 -5.12663983e-01 -6.20000000e-01 -1.07336017e-03 
-6.10000000e-01 -5.04331083e-01 -6.10000000e-01 -1.05668917e-03 
-6.00000000e-01 -4.95998212e-01 -6.00000000e-01 -1.04001788e-03 
-5.90000000e-01 -4.87665374e-01 -5.90000000e-01 -1.02334626e-03 
-5.80000000e-01 -4.79332571e-01 -5.80000000e-01 -1.00667429e-03 
-5.70000000e-01 -4.70999806e-01 -5.70000000e-01 -9.90001941e-04 
-5.60000000e-01 -4.62667083e-01 -5.60000000e-01 -9.73329169e-04 
-5.50000000e-01 -4.54334406e-01 -5.50000000e-01 -9.56655939e-04 
-5.40000000e-01 -4.46001779e-01 -5.40000000e-01 -9.39982207e-04 
-5.30000000e-01 -4.37669207e-01 -5.30000000e-01 -9.23307925e-04 
-5.20000000e-01 -4.29336696e-01 -5.20000000e-01 -9.06633038e-04 
-5.10000000e-01 -4.21004251e-01 -5.10000000e-01 -8.89957485e-04 
-5.00000000e-01 -4.12671880e-01 -5.00000000e-01 -8.73281198e-04 
-4.90000000e-01 -4.04339590e-01 -4.90000000e-01 -8.56604098e-04 
-4.80000000e-01 -3.96007390e-01 -4.80000000e-01 -8.39926101e-04 
-4.70000000e-01 -3.87675289e-01 -4.70000000e-01 -8.23247105e-04 
-4.60000000e-01 -3.79343300e-01 -4.60000000e-01 -8.06567000e-04 
-4.50000000e-01 -3.71011434e-01 -4.50000000e-01 -7.89885659e-04 
-4.40000000e-01 -3.62679706e-01 -4.40000000e-01 -7.73202936e-04 
-4.30000000e-01 -3.54348134e-01 -4.30000000e-01 -7.56518664e-04 
-4.20000000e-01 -3.46016735e-01 -4.20000000e-01 -7.39832654e-04 
-4.10000000e-01 -3.37685532e-01 -4.10000000e-01 -7.23144685e-04 
-4.00000000e-01 -3.29354550e-01 -4.00000000e-01 -7.06454503e-04 
-3.90000000e-01 -3.21023818e-01 -3.90000000e-01 -6.89761815e-04 
-3.80000000e-01 -3.12693372e-01 -3.80000000e-01 -6.73066278e-04 
-3.70000000e-01 -3.04363251e-01 -3.70000000e-01 -6.56367491e-04 
-3.60000000e-01 -2.96033502e-01 -3.60000000e-01 -6.39664985e-04 
-3.50000000e-01 -2.87704179e-01 -3.50000000e-01 -6.22958206e-04 
-3.40000000e-01 -2.79375350e-01 -3.40000000e-01 -6.06246501e-04 
-3.30000000e-01 -2.71047091e-01 -3.30000000e-01 -5.89529088e-04 
-3.20000000e-01 -2.62719496e-01 -3.20000000e-01 -5.72805037e-04 
-3.10000000e-01 -2.54392677e-01 -3.10000000e-01 -5.56073227e-04 
-3.00000000e-01 -2.46066770e-01 -3.00000000e-01 -5.39332304e-04 
-2.90000000e-01 -2.37741938e-01 -2.90000000e-01 -5.22580620e-04 
-2.80000000e-01 -2.29418384e-01 -2.80000000e-01 -5.05816158e-04 
-2.70000000e-01 -2.21096357e-01 -2.70000000e-01 -4.89036429e-04 
-2.60000000e-01 -2.12776166e-01 -2.60000000e-01 -4.72238341e-04 
-2.50000000e-01 -2.04458198e-01 -2.50000000e-01 -4.55418025e-04 
-2.40000000e-01 -1.96142941e-01 -2.40000000e-01 -4.38570590e-04 
-2.30000000e-01 -1.87831020e-01 -2.30000000e-01 -4.21689804e-04 
-2.20000000e-01 -1.79523233e-01 -2.20000000e-01 -4.04767668e-04 
-2.10000000e-01 -1.71219780e-01 -2.10000000e-01 -3.87802205e-04 
-2.00000000e-01 -1.62920741e-01 -2.00000000e-01 -3.70792586e-04 
-1.90000000e-01 -1.54626765e-01 -1.90000000e-01 -3.53732350e-04 
-1.80000000e-01 -1.46338589e-01 -1.80000000e-01 -3.36614107e-04 
-1.70000000e-01 -1.38057059e-01 -1.70000000e-01 -3.19429415e-04 
-1.60000000e-01 -1.29783136e-01 -1.60000000e-01 -3.02168637e-04 
-1.50000000e-01 -1.21517922e-01 -1.50000000e-01 -2.84820782e-04 
-1.40000000e-01 -1.13262667e-01 -1.40000000e-01 -2.67373330e-04 
-1.30000000e-01 -1.05018797e-01 -1.30000000e-01 -2.49812034e-04 
-1.20000000e-01 -9.67879292e-02 -1.20000000e-01 -2.32120708e-04 
-1.10000000e-01 -8.85719010e-02 -1.10000000e-01 -2.14280990e-04 
-1.00000000e-01 -8.03727909e-02 -1.00000000e-01 -1.96272091e-04 
-9.00000000e-02 -7.21929476e-02 -9.00000000e-02 -1.78070524e-04 
-8.00000000e-02 -6.40350185e-02 -8.00000000e-02 -1.59649815e-04 
-7.00000000e-02 -5.59019794e-02 -7.00000000e-02 -1.40980206e-04 
-6.00000000e-02 -4.77971645e-02 -6.00000000e-02 -1.22028355e-04 
-5.00000000e-02 -3.97242968e-02 -5.00000000e-02 -1.02757032e-04 
-4.00000000e-02 -3.16875166e-02 -4.00000000e-02 -8.31248341e-05 
-3.00000000e-02 -2.36914075e-02 -3.00000000e-02 -6.30859248e-05 
-2.00000000e-02 -1.57410180e-02 -2.00000000e-02 -4.25898199e-05 
-1.00000000e-02 -7.84187655e-03 -1.00000000e-02 -2.15812345e-05 
 1.64104841e-15  1.28298282e-15  1.64104841e-15  3.58065583e-18 
 1.00000000e-02  7.77811944e-03  1.00000000e-02  2.22188056e-05 
 2.00000000e-02  1.54855152e-02  2.00000000e-02  4.51448477e-05 
 3.00000000e-02  2.31147977e-02  3.00000000e-02  6.88520230e-05 
 4.00000000e-02  3.06581977e-02  4.00000000e-02  9.34180227e-05 
 5.00000000e-02  3.81076403e-02  5.00000000e-02  1.18923597e-04 
 6.00000000e-02  4.54548363e-02  6.00000000e-02  1.45451637e-04 
 7.00000000e-02  5.26913940e-02  7.00000000e-02  1.73086060e-04 
 8.00000000e-02  5.98089475e-02  8.00000000e-02  2.01910525e-04 
 9.00000000e-02  6.67992988e-02  9.00000000e-02  2.32007012e-04 
 1.00000000e-01  7.36545683e-02  1.00000000e-01  2.63454317e-04 
 1.10000000e-01  8.03673471e-02  1.10000000e-01  2.96326529e-04 
 1.20000000e-01  8.69308442e-02  1.20000000e-01  3.30691558e-04 
 1.30000000e-01  9.33390200e-02  1.30000000e-01  3.66609800e-04 
 1.40000000e-01  9.95867014e-02  1.40000000e-01  4.04132986e-04 
 1.50000000e-01  1.05669670e-01  1.50000000e-01  4.43303295e-04 
 1.60000000e-01  1.11584724e-01  1.60000000e-01  4.84152758e-04 
 1.70000000e-01  1.17329702e-01  1.70000000e-01  5.26702977e-04 
 1.80000000e-01  1.22903485e-01  1.80000000e-01  5.70965152e-04 
 1.90000000e-01  1.28305960e-01  1.90000000e-01  6.16940404e-04 
 2.00000000e-01  1.33537966e-01  2.00000000e-01  6.64620341e-04 
 2.10000000e-01  1.38601217e-01  2.10000000e-01  7.13987834e-04 
 2.20000000e-01  1.43498207e-01  2.20000000e-01  7.65017932e-04 
 2.30000000e-01  1.48232113e-01  2.30000000e-01  8.17678874e-04 
 2.40000000e-01  1.52806686e-01  2.40000000e-01  8.71933140e-04 
 2.50000000e-01  1.57226150e-01  2.50000000e-01  9.27738496e-04 
 2.60000000e-01  1.61495100e-01  2.60000000e-01  9.85048999e-04 
 2.70000000e-01  1.65618406e-01  2.70000000e-01  1.04381594e-03 
 2.80000000e-01  1.69601132e-01  2.80000000e-01  1.10398868e-03 
 2.90000000e-01  1.73448456e-01  2.90000000e-01  1.16551544e-03 
 3.00000000e-01  1.77165608e-01  3.00000000e-01  1.22834392e-03 
 3.10000000e-01  1.80757812e-01  3.10000000e-01  1.29242188e-03 
 3.20000000e-01  1.84230242e-01  3.20000000e-01  1.35769758e-03 
 3.30000000e-01  1.87587980e-01  3.30000000e-01  1.42412020e-03 
 3.40000000e-01  1.90835990e-01  3.40000000e-01  1.49164010e-03 
 3.50000000e-01  1.93979096e-01  3.50000000e-01  1.56020904e-03 
 3.60000000e-01  1.97021961e-01  3.60000000e-01  1.62978039e-03 
 3.70000000e-01  1.99969077e-01  3.70000000e-01  1.70030923e-03 
 3.80000000e-01  2.02824759e-01  3.80000000e-01  1.77175241e-03 
 3.90000000e-01  2.05593138e-01  3.90000000e-01  1.84406862e-03 
 4.00000000e-01  2.08278165e-01  4.00000000e-01  1.91721835e-03 
 4.10000000e-01  2.10883604e-01  4.10000000e-01  1.99116396e-03 
 4.20000000e-01  2.13413042e-01  4.20000000e-01  2.06586958e-03 
 4.30000000e-01  2.15869889e-01  4.30000000e-01  2.14130111e-03 
 4.40000000e-01  2.18257388e-01  4.40000000e-01  2.21742612e-03 
 4.50000000e-01  2.20578614e-01  4.50000000e-01  2.29421386e-03 
 4.60000000e-01  2.22836485e-01  4.60000000e-01  2.37163515e-03 
 4.70000000e-01  2.25033771e-01  4.70000000e-01  2.44966229e-03 
 4.80000000e-01  2.27173094e-01  4.80000000e-01  2.52826906e-03 
 4.90000000e-01  2.29256942e-01  4.90000000e-01  2.60743058e-03 
 5.00000000e-01  2.31287670e-01  5.00000000e-01  2.68712330e-03 
 5.10000000e-01  2.33267512e-01  5.10000000e-01  2.76732488e-03 
 5.20000000e-01  2.35198584e-01  5.20000000e-01  2.84801416e-03 
 5.30000000e-01  2.37082891e-01  5.30000000e-01  2.92917109e-03 
 5.40000000e-01  2.38922336e-01  5.40000000e-01  3.01077664e-03 
 5.50000000e-01  2.40718720e-01  5.50000000e-01  3.09281280e-03 
 5.60000000e-01  2.42473754e-01  5.60000000e-01  3.17526246e-03 
 5.70000000e-01  2.44189060e-01  5.70000000e-01  3.25810940e-03 
 5.80000000e-01  2.45866177e-01  5.80000000e-01  3.34133823e-03 
 5.90000000e-01  2.47506567e-01  5.90000000e-01  3.42493433e-03 
 6.00000000e-01  2.49111619e-01  6.00000000e-01  3.50888381e-03 
 6.10000000e-01  2.50682652e-01  6.10000000e-01  3.59317348e-03 
 6.20000000e-01  2.52220919e-01  6.20000000e-01  3.67779081e-03 
 6.30000000e-01  2.53727615e-01  6.30000000e-01  3.76272385e-03 
 6.40000000e-01  2.55203872e-01  6.40000000e-01  3.84796128e-03 
 6.50000000e-01  2.56650773e-01  6.50000000e-01  3.93349227e-03 
 6.60000000e-01  2.58069344e-01  6.60000000e-01  4.01930656e-03 
 6.70000000e-01  2.59460567e-01  6.70000000e-01  4.10539433e-03 
 6.80000000e-01  2.60825376e-01  6.80000000e-01  4.19174624e-03 
 6.90000000e-01  2.62164662e-01  6.90000000e-01  4.27835338e-03 
 7.00000000e-01  2.63479276e-01  7.00000000e-01  4.36520724e-03 
 7.10000000e-01  2.64770028e-01  7.10000000e-01  4.45229972e-03 
 7.20000000e-01  2.66037695e-01  7.20000000e-01  4.53962305e-03 
 7.30000000e-01  2.67283017e-01  7.30000000e-01  4.62716983e-03 
 7.40000000e-01  2.68506702e-01  7.40000000e-01  4.71493298e-03 
 7.50000000e-01  2.69709428e-01  7.50000000e-01  4.80290572e-03 
 7.60000000e-01  2.70891843e-01  7.60000000e-01  4.89108157e-03 
 7.70000000e-01  2.72054567e-01  7.70000000e-01  4.97945433e-03 
 7.80000000e-01  2.73198195e-01  7.80000000e-01  5.06801805e-03 
 7.90000000e-01  2.74323297e-01  7.90000000e-01  5.15676703e-03 
 8.00000000e-01  2.75430417e-01  8.00000000e-01  5.24569583e-03 
 8.10000000e-01  2.76520080e-01  8.10000000e-01  5.33479920e-03 
 8.20000000e-01  2.77592788e-01  8.20000000e-01  5.42407212e-03 
 8.30000000e-01  2.78649024e-01  8.30000000e-01  5.51350976e-03 
 8.40000000e-01  2.79689250e-01  8.40000000e-01  5.60310750e-03 
 8.50000000e-01  2.80713911e-01  8.50000000e-01  5.69286089e-03 
 8.60000000e-01  2.81723435e-01  8.60000000e-01  5.78276565e-03 
 8.70000000e-01  2.82718234e-01  8.70000000e-01  5.87281766e-03 
 8.80000000e-01  2.83698702e-01  8.80000000e-01  5.96301298e-03 
 8.90000000e-01  2.84665220e-01  8.90000000e-01  6.05334780e-03 
 9.00000000e-01  2.85618154e-01  9.00000000e-01  6.14381846e-03 
 9.10000000e-01  2.86557858e-01  9.10000000e-01  6.23442142e-03 
 9.20000000e-01  2.87484671e-01  9.20000000e-01  6.32515329e-03 
 9.30000000e-01  2.88398921e-01  9.30000000e-01  6.41601079e-03 
 9.40000000e-01  2.89300924e-01  9.40000000e-01  6.50699076e-03 
 9.50000000e-01  2.90190984e-01  9.50000000e-01  6.59809016e-03 
 9.60000000e-01  2.91069395e-01  9.60000000e-01  6.68930605e-03 
 9.70000000e-01  2.91936441e-01  9.70000000e-01  6.78063559e-03 
 9.80000000e-01  2.92792396e-01  9.80000000e-01  6.87207604e-03 
 9.90000000e-01  2.93637523e-01  9.90000000e-01  6.96362477e-03 
 1.00000000e+00  2.94472080e-01  1.00000000e+00  7.05527920e-03 
 1.01000000e+00  2.95296312e-01  1.01000000e+00  7.14703688e-03 
 1.02000000e+00  2.96110459e-01  1.02000000e+00  7.23889541e-03 
 1.03000000e+00  2.96914752e-01  1.03000000e+00  7.33085248e-03 
 1.04000000e+00  2.97709413e-01  1.04000000e+00  7.42290587e-03 
 1.05000000e+00  2.98494659e-01  1.05000000e+00  7.51505341e-03 
 1.06000000e+00  2.99270699e-01  1.06000000e+00  7.60729301e-03 
 1.07000000e+00  3.00037737e-01  1.07000000e+00  7.69962263e-03 
 1.08000000e+00  3.00795967e-01  1.08000000e+00  7.79204033e-03 
 1.09000000e+00  3.01545581e-01  1.09000000e+00  7.88454419e-03 
 1.10000000e+00  3.02286762e-01  1.10000000e+00  7.97713238e-03 
 1.11000000e+00  3.03019690e-01  1.11000000e+00  8.06980310e-03 
 1.12000000e+00  3.03744537e-01  1.12000000e+00  8.16255463e-03 
 1.13000000e+00  3.04461471e-01  1.13000000e+00  8.25538529e-03 
 1.14000000e+00  3.05170655e-01  1.14000000e+00  8.34829345e-03 
 1.15000000e+00  3.05872249e-01  1.15000000e+00  8.44127751e-03 
 1.16000000e+00  3.06566404e-01  1.16000000e+00  8.53433596e-03 
 1.17000000e+00  3.07253270e-01  1.17000000e+00  8.62746730e-03 
 1.18000000e+00  3.07932993e-01  1.18000000e+00  8.72067007e-03 
 1.19000000e+00  3.08605712e-01  1.19000000e+00  8.81394288e-03 
 1.20000000e+00  3.09271565e-01  1.20000000e+00  8.90728435e-03 
 1.21000000e+00  3.09930683e-01  1.21000000e+00  9.00069317e-03 
 1.22000000e+00  3.10583197e-01  1.22000000e+00  9.09416803e-03 
 1.23000000e+00  3.11229232e-01  1.23000000e+00  9.18770768e-03 
 1.24000000e+00  3.11868911e-01  1.24000000e+00  9.28131089e-03 
 1.25000000e+00  3.12502350e-01  1.25000000e+00  9.37497650e-03 
 1.26000000e+00  3.13129668e-01  1.26000000e+00  9.46870332e-03 
 1.27000000e+00  3.13750975e-01  1.27000000e+00  9.56249025e-03 
 1.28000000e+00  3.14366383e-01  1.28000000e+00  9.65633617e-03 
 1.29000000e+00  3.14975996e-01  1.29000000e+00  9.75024004e-03 
 1.30000000e+00  3.15579919e-01  1.30000000e+00  9.84420081e-03 
 1.31000000e+00  3.16178254e-01  1.31000000e+00  9.93821746e-03 
 1.32000000e+00  3.16771099e-01  1.32000000e+00  1.00322890e-02 
 1.33000000e+00  3.17358549e-01  1.33000000e+00  1.01264145e-02 
 1.34000000e+00  3.17940699e-01  1.34000000e+00  1.02205930e-02 
 1.35000000e+00  3.18517641e-01  1.35000000e+00  1.03148236e-02 
 1.36000000e+00  3.19089461e-01  1.36000000e+00  1.04091054e-02 
 1.37000000e+00  3.19656249e-01  1.37000000e+00  1.05034375e-02 
 1.38000000e+00  3.20218088e-01  1.38000000e+00  1.05978191e-02 
 1.39000000e+00  3.20775061e-01  1.39000000e+00  1.06922494e-02 
 1.40000000e+00  3.21327249e-01  1.40000000e+00  1.07867275e-02 
 1.41000000e+00  3.21874730e-01  1.41000000e+00  1.08812527e-02 
 1.42000000e+00  3.22417581e-01  1.42000000e+00  1.09758242e-02 
 1.43000000e+00  3.22955877e-01  1.43000000e+00  1.10704412e-02 
 1.44000000e+00  3.23489691e-01  1.44000000e+00  1.11651031e-02 
 1.45000000e+00  3.24019095e-01  1.45000000e+00  1.12598090e-02 
 1.46000000e+00  3.24544159e-01  1.46000000e+00  1.13545584e-02 
 1.47000000e+00  3.25064951e-01  1.47000000e+00  1.14493505e-02 
 1.48000000e+00  3.25581537e-01  1.48000000e+00  1.15441846e-02 
 1.49000000e+00  3.26093983e-01  1.49000000e+00  1.16390602e-02 
 1.50000000e+00  3.26602353e-01  1.50000000e+00  1.17339765e-02 
 1.51000000e+00  3.27106708e-01  1.51000000e+00  1.18289329e-02 
 1.52000000e+00  3.27607110e-01  1.52000000e+00  1.19239289e-02 
 1.53000000e+00  3.28103619e-01  1.53000000e+00  1.20189638e-02 
 1.54000000e+00  3.28596291e-01  1.54000000e+00  1.21140371e-02 
 1.55000000e+00  3.29085185e-01  1.55000000e+00  1.22091481e-02 
 1.56000000e+00  3.29570357e-01  1.56000000e+00  1.23042964e-02 
 1.57000000e+00  3.30051860e-01  1.57000000e+00  1.23994814e-02 
 1.58000000e+00  3.30529748e-01  1.58000000e+00  1.24947025e-02 
 1.59000000e+00  3.31004073e-01  1.59000000e+00  1.25899593e-02 
 1.60000000e+00  3.31474887e-01  1.60000000e+00  1.26852511e-02 
 1.61000000e+00  3.31942240e-01  1.61000000e+00  1.27805776e-02 
 1.62000000e+00  3.32406180e-01  1.62000000e+00  1.28759382e-02 
 1.63000000e+00  3.32866756e-01  1.63000000e+00  1.29713324e-02 
 1.64000000e+00  3.33324015e-01  1.64000000e+00  1.30667599e-02 
 1.65000000e+00  3.33778002e-01  1.65000000e+00  1.31622200e-02 
 1.66000000e+00  3.34228763e-01  1.66000000e+00  1.32577124e-02 
 1.67000000e+00  3.34676343e-01  1.67000000e+00  1.33532366e-02 
 1.68000000e+00  3.35120784e-01  1.68000000e+00  1.34487922e-02 
 1.69000000e+00  3.35562129e-01  1.69000000e+00  1.35443787e-02 
 1.70000000e+00  3.36000420e-01  1.70000000e+00  1.36399958e-02 
 1.71000000e+00  3.36435697e-01  1.71000000e+00  1.37356430e-02 
 1.72000000e+00  3.36868001e-01  1.72000000e+00  1.38313200e-02 
 1.73000000e+00  3.37297370e-01  1.73000000e+00  1.39270263e-02 
 1.74000000e+00  3.37723844e-01  1.74000000e+00  1.40227616e-02 
 1.75000000e+00  3.38147460e-01  1.75000000e+00  1.41185254e-02 
 1.76000000e+00  3.38568255e-01  1.76000000e+00  1.42143175e-02 
 1.77000000e+00  3.38986265e-01  1.77000000e+00  1.43101374e-02 
 1.78000000e+00  3.39401526e-01  1.78000000e+00  1.44059847e-02 
 1.79000000e+00  3.39814074e-01  1.79000000e+00  1.45018593e-02 
 1.80000000e+00  3.40223942e-01  1.80000000e+00  1.45977606e-02 
 1.81000000e+00  3.40631164e-01  1.81000000e+00  1.46936884e-02 
 1.82000000e+00  3.41035773e-01  1.82000000e+00  1.47896423e-02 
 1.83000000e+00  3.41437801e-01  1.83000000e+00  1.48856220e-02 
 1.84000000e+00  3.41837282e-01  1.84000000e+00  1.49816272e-02 
 1.85000000e+00  3.42234245e-01  1.85000000e+00  1.50776576e-02 
 1.86000000e+00  3.42628721e-01  1.86000000e+00  1.51737128e-02 
 1.87000000e+00  3.43020742e-01  1.87000000e+00  1.52697926e-02 
 1.88000000e+00  3.43410335e-01  1.88000000e+00  1.53658966e-02 
 1.89000000e+00  3.43797532e-01  1.89000000e+00  1.54620247e-02 
 1.90000000e+00  3.44182359e-01  1.90000000e+00  1.55581764e-02 
 1.91000000e+00  3.44564846e-01  1.91000000e+00  1.56543515e-02 
 1.92000000e+00  3.44945019e-01  1.92000000e+00  1.57505498e-02 
 1.93000000e+00  3.45322907e-01  1.93000000e+00  1.58467709e-02 
 1.94000000e+00  3.45698535e-01  1.94000000e+00  1.59430146e-02 
 1.95000000e+00  3.46071931e-01  1.95000000e+00  1.60392807e-02 
 1.96000000e+00  3.46443119e-01  1.96000000e+00  1.61355688e-02 
 1.97000000e+00  3.46812125e-01  1.97000000e+00  1.62318788e-02 
 1.98000000e+00  3.47178974e-01  1.98000000e+00  1.63282103e-02 
 1.99000000e+00  3.47543691e-01  1.99000000e+00  1.64245631e-02 
 2.00000000e+00  3.47906299e-01  2.00000000e+00  1.65209370e-02 
