-2.00000000e+00 -1.66636460e+00 -2.00000000e+00 -3.33635398e-03 
-1.99000000e+00 -1.65803127e+00 -1.99000000e+00 -3.31968734e-03 
-1.98000000e+00 -1.64969793e+00 -1.98000000e+00 -3.30302070e-03 
-1.97000000e+00 -1.64136459e+00 -1.97000000e+00 -3.28635406e-03 
-1.96000000e+00 -1.63303126e+00 -1.96000000e+00 -3.26968741e-03 
-1.95000000e+00 -1.62469792e+00 -1.95000000e+00 -3.25302077e-03 
-1.94000000e+00 -1.61636459e+00 -1.94000000e+00 -3.23635413e-03 
-1.93000000e+00 -1.60803125e+00 -1.93000000e+00 -3.21968749e-03 
-1.92000000e+00 -1.59969792e+00 -1.92000000e+00 -3.20302085e-03 
-1.91000000e+00 -1.59136458e+00 -1.91000000e+00 -3.18635421e-03 
-1.90000000e+00 -1.58303124e+00 -1.90000000e+00 -3.16968757e-03 
-1.89000000e+00 -1.57469791e+00 -1.89000000e+00 -3.15302093e-03 
-1.88000000e+00 -1.56636457e+00 -1.88000000e+00 -3.13635428e-03 
-1.87000000e+00 -1.55803124e+00 -1.87000000e+00 -3.11968764e-03 
-1.86000000e+00 -1.54969790e+00 -1.86000000e+00 -3.10302100e-03 
-1.85000000e+00 -1.54136456e+00 -1.85000000e+00 -3.08635436e-03 
-1.84000000e+00 -1.53303123e+00 -1.84000000e+00 -3.06968772e-03 
-1.83000000e+00 -1.52469789e+00 -1.83000000e+00 -3.05302108e-03 
-1.82000000e+00 -1.51636456e+00 -1.82000000e+00 -3.03635443e-03 
-1.81000000e+00 -1.50803122e+00 -1.81000000e+00 -3.01968779e-03 
-1.80000000e+00 -1.49969788e+00 -1.80000000e+00 -3.00302115e-03 
-1.79000000e+00 -1.49136455e+00 -1.79000000e+00 -2.98635451e-03 
-1.78000000e+00 -1.48303121e+00 -1.78000000e+00 -2.96968787e-03 
-1.77000000e+00 -1.47469788e+00 -1.77000000e+00 -2.95302123e-03 
-1.76000000e+00 -1.46636454e+00 -1.76000000e+00 -2.93635458e-03 
-1.75000000e+00 -1.45803121e+00 -1.75000000e+00 -2.91968794e-03 
-1.74000000e+00 -1.44969787e+00 -1.74000000e+00 -2.90302130e-03 
-1.73000000e+00 -1.44136453e+00 -1.73000000e+00 -2.88635466e-03 
-1.72000000e+00 -1.43303120e+00 -1.72000000e+00 -2.86968801e-03 
-1.71000000e+00 -1.42469786e+00 -1.71000000e+00 -2.85302137e-03 
-1.70000000e+00 -1.41636453e+00 -1.70000000e+00 -2.83635473e-03 
-1.69000000e+00 -1.40803119e+00 -1.69000000e+00 -2.81968809e-03 
-1.68000000e+00 -1.39969786e+00 -1.68000000e+00 -2.80302144e-03 
-1.67000000e+00 -1.39136452e+00 -1.67000000e+00 -2.78635480e-03 
-1.66000000e+00 -1.38303118e+00 -1.66000000e+00 -2.76968816e-03 
-1.65000000e+00 -1.37469785e+00 -1.65000000e+00 -2.75302151e-03 
-1.64000000e+00 -1.36636451e+00 -1.64000000e+00 -2.73635487e-03 
-1.63000000e+00 -1.35803118e+00 -1.63000000e+00 -2.71968823e-03 
-1.62000000e+00 -1.34969784e+00 -1.62000000e+00 -2.70302158e-03 
-1.61000000e+00 -1.34136451e+00 -1.61000000e+00 -2.68635494e-03 
-1.60000000e+00 -1.33303117e+00 -1.60000000e+00 -2.66968830e-03 
-1.59000000e+00 -1.32469783e+00 -1.59000000e+00 -2.65302165e-03 
-1.58000000e+00 -1.31636450e+00 -1.58000000e+00 -2.63635501e-03 
-1.57000000e+00 -1.30803116e+00 -1.57000000e+00 -2.61968836e-03 
-1.56000000e+00 -1.29969783e+00 -1.56000000e+00 -2.60302172e-03 
-1.55000000e+00 -1.29136449e+00 -1.55000000e+00 -2.58635508e-03 
-1.54000000e+00 -1.28303116e+00 -1.54000000e+00 -2.56968843e-03 
-1.53000000e+00 -1.27469782e+00 -1.53000000e+00 -2.55302179e-03 
-1.52000000e+00 -1.26636449e+00 -1.52000000e+00 -2.53635514e-03 
-1.51000000e+00 -1.25803115e+00 -1.51000000e+00 -2.51968850e-03 
-1.50000000e+00 -1.24969781e+00 -1.50000000e+00 -2.50302185e-03 
-1.49000000e+00 -1.24136448e+00 -1.49000000e+00 -2.48635521e-03 
-1.48000000e+00 -1.23303114e+00 -1.48000000e+00 -2.46968856e-03 
-1.47000000e+00 -1.22469781e+00 -1.47000000e+00 -2.45302192e-03 
-1.46000000e+00 -1.21636447e+00 -1.46000000e+00 -2.43635527e-03 
-1.45000000e+00 -1.20803114e+00 -1.45000000e+00 -2.41968862e-03 
-1.44000000e+00 -1.19969780e+00 -1.44000000e+00 -2.40302198e-03 
-1.43000000e+00 -1.19136447e+00 -1.43000000e+00 -2.38635533e-03 
-1.42000000e+00 -1.18303113e+00 -1.42000000e+00 -2.36968869e-03 
-1.41000000e+00 -1.17469780e+00 -1.41000000e+00 -2.35302204e-03 
-1.40000000e+00 -1.16636446e+00 -1.40000000e+00 -2.33635539e-03 
-1.39000000e+00 -1.15803113e+00 -1.39000000e+00 -2.31968874e-03 
-1.38000000e+00 -1.14969779e+00 -1.38000000e+00 -2.30302210e-03 
-1.37000000e+00 -1.14136446e+00 -1.37000000e+00 -2.28635545e-03 
-1.36000000e+00 -1.13303112e+00 -1.36000000e+00 -2.26968880e-03 
-1.35000000e+00 -1.12469778e+00 -1.35000000e+00 -2.25302215e-03 
-1.34000000e+00 -1.11636445e+00 -1.34000000e+00 -2.23635550e-03 
-1.33000000e+00 -1.10803111e+00 -1.33000000e+00 -2.21968886e-03 
-1.32000000e+00 -1.09969778e+00 -1.32000000e+00 -2.20302221e-03 
-1.31000000e+00 -1.09136444e+00 -1.31000000e+00 -2.18635556e-03 
-1.30000000e+00 -1.08303111e+00 -1.30000000e+00 -2.16968891e-03 
-1.29000000e+00 -1.07469777e+00 -1.29000000e+00 -2.15302226e-03 
-1.28000000e+00 -1.06636444e+00 -1.28000000e+00 -2.13635561e-03 
-1.27000000e+00 -1.05803110e+00 -1.27000000e+00 -2.11968896e-03 
-1.26000000e+00 -1.04969777e+00 -1.26000000e+00 -2.10302230e-03 
-1.25000000e+00 -1.04136443e+00 -1.25000000e+00 -2.08635565e-03 
-1.24000000e+00 -1.03303110e+00 -1.24000000e+00 -2.06968900e-03 
-1.23000000e+00 -1.02469777e+00 -1.23000000e+00 -2.05302235e-03 
-1.22000000e+00 -1.01636443e+00 -1.22000000e+00 -2.03635570e-03 
-1.21000000e+00 -1.00803110e+00 -1.21000000e+00 -2.01968904e-03 
-1.20000000e+00 -9.99697761e-01 -1.20000000e+00 -2.00302239e-03 
-1.19000000e+00 -9.91364427e-01 -1.19000000e+00 -1.98635573e-03 
-1.18000000e+00 -9.83031092e-01 -1.18000000e+00 -1.96968908e-03 
-1.17000000e+00 -9.74697758e-01 -1.17000000e+00 -1.95302242e-03 
-1.16000000e+00 -9.66364423e-01 -1.16000000e+00 -1.93635577e-03 
-1.15000000e+00 -9.58031089e-01 -1.15000000e+00 -1.91968911e-03 
-1.14000000e+00 -9.49697755e-01 -1.14000000e+00 -1.90302245e-03 
-1.13000000e+00 -9.41364421e-01 -1.13000000e+00 -1.88635579e-03 
-1.12000000e+00 -9.33031086e-01 -1.12000000e+00 -1.86968914e-03 
-1.11000000e+00 -9.24697752e-01 -1.11000000e+00 -1.85302248e-03 
-1.10000000e+00 -9.16364418e-01 -1.10000000e+00 -1.83635582e-03 
-1.09000000e+00 -9.08031084e-01 -1.09000000e+00 -1.81968916e-03 
-1.08000000e+00 -8.99697751e-01 -1.08000000e+00 -1.80302249e-03 
-1.07000000e+00 -8.91364417e-01 -1.07000000e+00 -1.78635583e-03 
-1.06000000e+00 -8.83031083e-01 -1.06000000e+00 -1.76968917e-03 
-1.05000000e+00 -8.74697750e-01 -1.05000000e+00 -1.75302250e-03 
-1.04000000e+00 -8.66364416e-01 -1.04000000e+00 -1.73635584e-03 
-1.03000000e+00 -8.58031083e-01 -1.03000000e+00 -1.71968917e-03 
-1.02000000e+00 -8.49697750e-01 -1.02000000e+00 -1.70302250e-03 
-1.01000000e+00 -8.41364416e-01 -1.01000000e+00 -1.68635584e-03 
-1.00000000e+00 -8.33031083e-01 -1.00000000e+00 -1.66968917e-03 
-9.90000000e-01 -8.24697751e-01 -9.90000000e-01 -1.65302249e-03 
-9.80000000e-01 -8.16364418e-01 -9.80000000e-01 -1.63635582e-03 
-9.70000000e-01 -8.08031085e-01 -9.70000000e-01 -1.61968915e-03 
-9.60000000e-01 -7.99697753e-01 -9.60000000e-01 -1.60302247e-03 
-9.50000000e-01 -7.91364420e-01 -9.50000000e-01 -1.58635580e-03 
-9.40000000e-01 -7.83031088e-01 -9.40000000e-01 -1.56968912e-03 
-9.30000000e-01 -7.74697756e-01 -9.30000000e-01 -1.55302244e-03 
-9.20000000e-01 -7.66364425e-01 -9.20000000e-01 -1.53635575e-03 
-9.10000000e-01 -7.58031093e-01 -9.10000000e-01 -1.51968907e-03 
-9.00000000e-01 -7.49697762e-01 -9.00000000e-01 -1.50302238e-03 
-8.90000000e-01 -7.41364430e-01 -8.90000000e-01 -1.48635570e-03 
-8.80000000e-01 -7.33031099e-01 -8.80000000e-01 -1.46968901e-03 
-8.70000000e-01 -7.24697769e-01 -8.70000000e-01 -1.45302231e-03 
-8.60000000e-01 -7.16364438e-01 -8.60000000e-01 -1.43635562e-03 
-8.50000000e-01 -7.08031108e-01 -8.50000000e-01 -1.41968892e-03 
-8.40000000e-01 -6.99697778e-01 -8.40000000e-01 -1.40302222e-03 
-8.30000000e-01 -6.91364449e-01 -8.30000000e-01 -1.38635551e-03 
-8.20000000e-01 -6.83031119e-01 -8.20000000e-01 -1.36968881e-03 
-8.10000000e-01 -6.74697790e-01 -8.10000000e-01 -1.35302210e-03 
-8.00000000e-01 -6.66364462e-01 -8.00000000e-01 -1.33635538e-03 
-7.90000000e-01 -6.58031134e-01 -7.90000000e-01 -1.31968866e-03 
-7.80000000e-01 -6.49697806e-01 -7.80000000e-01 -1.30302194e-03 
-7.70000000e-01 -6.41364478e-01 -7.70000000e-01 -1.28635522e-03 
-7.60000000e-01 -6.33031152e-01 -7.60000000e-01 -1.26968848e-03 
-7.50000000e-01 -6.24697825e-01 -7.50000000e-01 -1.25302175e-03 
-7.40000000e-01 -6.16364499e-01 -7.40000000e-01 -1.23635501e-03 
-7.30000000e-01 -6.08031174e-01 -7.30000000e-01 -1.21968826e-03 
-7.20000000e-01 -5.99697850e-01 -7.20000000e-01 -1.20302150e-03 
-7.10000000e-01 -5.91364526e-01 -7.10000000e-01 -1.18635474e-03 
-7.00000000e-01 -5.83031202e-01 -7.00000000e-01 -1.16968798e-03 
-6.90000000e-01 -5.74697880e-01 -6.90000000e-01 -1.15302120e-03 
-6.80000000e-01 -5.66364558e-01 -6.80000000e-01 -1.13635442e-03 
-6.70000000e-01 -5.58031237e-01 -6.70000000e-01 -1.11968763e-03 
-6.60000000e-01 -5.49697917e-01 -6.60000000e-01 -1.10302083e-03 
-6.50000000e-01 -5.41364598e-01 -6.50000000e-01 -1.08635402e-03 
-6.40000000e-01 -5.33031280e-01 -6.40000000e-01 -1.06968720e-03 
-6.30000000e-01 -5.24697964e-01 -6.30000000e-01 -1.05302036e-03 
-6.20000000e-01 -5.16364648e-01 -6.20000000e-01 -1.03635352e-03 
-6.10000000e-01 -5.08031335e-01 -6.10000000e-01 -1.01968665e-03 
-6.00000000e-01 -4.99698022e-01 -6.00000000e-01 -1.00301978e-03 
-5.90000000e-01 -4.91364711e-01 -5.90000000e-01 -9.86352888e-04 
-5.80000000e-01 -4.83031402e-01 -5.80000000e-01 -9.69685979e-04 
-5.70000000e-01 -4.74698095e-01 -5.70000000e-01 -9.53019050e-04 
-5.60000000e-01 -4.66364790e-01 -5.60000000e-01 -9.36352100e-04 
-5.50000000e-01 -4.58031487e-01 -5.50000000e-01 -9.19685127e-04 
-5.40000000e-01 -4.49698187e-01 -5.40000000e-01 -9.03018129e-04 
-5.30000000e-01 -4.41364890e-01 -5.30000000e-01 -8.86351104e-04 
-5.20000000e-01 -4.33031595e-01 -5.20000000e-01 -8.69684048e-04 
-5.10000000e-01 -4.24698304e-01 -5.10000000e-01 -8.53016958e-04 
-5.00000000e-01 -4.16365017e-01 -5.00000000e-01 -8.36349832e-04 
-4.90000000e-01 -4.08031733e-01 -4.90000000e-01 -8.19682665e-04 
-4.80000000e-01 -3.99698455e-01 -4.80000000e-01 -8.03015453e-04 
-4.70000000e-01 -3.91365181e-01 -4.70000000e-01 -7.86348192e-04 
-4.60000000e-01 -3.83031913e-01 -4.60000000e-01 -7.69680875e-04 
-4.50000000e-01 -3.74698650e-01 -4.50000000e-01 -7.53013496e-04 
-4.40000000e-01 -3.66365395e-01 -4.40000000e-01 -7.36346049e-04 
-4.30000000e-01 -3.58032148e-01 -4.30000000e-01 -7.19678524e-04 
-4.20000000e-01 -3.49698909e-01 -4.20000000e-01 -7.03010913e-04 
-4.10000000e-01 -3.41365679e-01 -4.10000000e-01 -6.86343205e-04 
-4.00000000e-01 -3.33032461e-01 -4.00000000e-01 -6.69675387e-04 
-3.90000000e-01 -3.24699255e-01 -3.90000000e-01 -6.53007445e-04 
-3.80000000e-01 -3.16366064e-01 -3.80000000e-01 -6.36339362e-04 
-3.70000000e-01 -3.08032888e-01 -3.70000000e-01 -6.19671119e-04 
-3.60000000e-01 -2.99699731e-01 -3.60000000e-01 -6.03002692e-04 
-3.50000000e-01 -2.91366595e-01 -3.50000000e-01 -5.86334055e-04 
-3.40000000e-01 -2.83033482e-01 -3.40000000e-01 -5.69665175e-04 
-3.30000000e-01 -2.74700398e-01 -3.30000000e-01 -5.52996015e-04 
-3.20000000e-01 -2.66367347e-01 -3.20000000e-01 -5.36326530e-04 
-3.10000000e-01 -2.58034333e-01 -3.10000000e-01 -5.19656665e-04 
-3.00000000e-01 -2.49701364e-01 -3.00000000e-01 -5.02986356e-04 
-2.90000000e-01 -2.41368448e-01 -2.90000000e-01 -4.86315521e-04 
-2.80000000e-01 -2.33035593e-01 -2.80000000e-01 -4.69644065e-04 
-2.70000000e-01 -2.24702813e-01 -2.70000000e-01 -4.52971868e-04 
-2.60000000e-01 -2.16370122e-01 -2.60000000e-01 -4.36298782e-04 
-2.50000000e-01 -2.08037538e-01 -2.50000000e-01 -4.19624621e-04 
-2.40000000e-01 -1.99705085e-01 -2.40000000e-01 -4.02949152e-04 
-2.30000000e-01 -1.91372792e-01 -2.30000000e-01 -3.86272077e-04 
-2.20000000e-01 -1.83040698e-01 -2.20000000e-01 -3.69593016e-04 
-2.10000000e-01 -1.74708853e-01 -2.10000000e-01 -3.52911472e-04 
-2.00000000e-01 -1.66377321e-01 -2.00000000e-01 -3.36226792e-04 
-1.90000000e-01 -1.58046188e-01 -1.90000000e-01 -3.19538121e-04 
-1.80000000e-01 -1.49715473e-01 -1.80000000e-01 -3.02845269e-04 
-1.70000000e-01 -1.41385203e-01 -1.70000000e-01 -2.86147966e-04 
-1.60000000e-01 -1.33055454e-01 -1.60000000e-01 -2.69445459e-04 
-1.50000000e-01 -1.24726314e-01 -1.50000000e-01 -2.52736864e-04 
-1.40000000e-01 -1.16397885e-01 -1.40000000e-01 -2.36021149e-04 
-1.30000000e-01 -1.08070289e-01 -1.30000000e-01 -2.19297109e-04 
-1.20000000e-01 -9.97436668e-02 -1.20000000e-01 -2.02563332e-04 
-1.10000000e-01 -9.14181830e-02 -1.10000000e-01 -1.85818170e-04 
-1.00000000e-01 -8.30940302e-02 -1.00000000e-01 -1.69059698e-04 
-9.00000000e-02 -7.47714336e-02 -9.00000000e-02 -1.52285664e-04 
-8.00000000e-02 -6.64506561e-02 -8.00000000e-02 -1.35493439e-04 
-7.00000000e-02 -5.81320045e-02 -7.00000000e-02 -1.18679955e-04 
-6.00000000e-02 -4.98158375e-02 -6.00000000e-02 -1.01841625e-04 
-5.00000000e-02 -4.15025733e-02 -5.00000000e-02 -8.49742665e-05 
-4.00000000e-02 -3.31927000e-02 -4.00000000e-02 -6.80730001e-05 
-3.00000000e-02 -2.48867865e-02 -3.00000000e-02 -5.11321350e-05 
-2.00000000e-02 -1.65854960e-02 -2.00000000e-02 -3.41450397e-05 
-1.00000000e-02 -8.28960093e-03 -1.00000000e-02 -1.71039907e-05 
 1.64104841e-15  2.11488888e-12  1.64104841e-15 -2.11324783e-14 
 1.00000000e-02  8.28226171e-03  1.00000000e-02  1.71773829e-05 
 2.00000000e-02  1.65559703e-02  2.00000000e-02  3.44402968e-05 
 3.00000000e-02  2.48197176e-02  3.00000000e-02  5.18028240e-05 
 4.00000000e-02  3.30718721e-02  4.00000000e-02  6.92812791e-05 
 5.00000000e-02  4.13105468e-02  5.00000000e-02  8.68945318e-05 
 6.00000000e-02  4.95335634e-02  6.00000000e-02  1.04664366e-04 
 7.00000000e-02  5.77384125e-02  7.00000000e-02  1.22615875e-04 
 8.00000000e-02  6.59222112e-02  8.00000000e-02  1.40777888e-04 
 9.00000000e-02  7.40816567e-02  9.00000000e-02  1.59183433e-04 
 1.00000000e-01  8.22129784e-02  1.00000000e-01  1.77870216e-04 
 1.10000000e-01  9.03118887e-02  1.10000000e-01  1.96881113e-04 
 1.20000000e-01  9.83735341e-02  1.20000000e-01  2.16264659e-04 
 1.30000000e-01  1.06392449e-01  1.30000000e-01  2.36075506e-04 
 1.40000000e-01  1.14362517e-01  1.40000000e-01  2.56374826e-04 
 1.50000000e-01  1.22276938e-01  1.50000000e-01  2.77230616e-04 
 1.60000000e-01  1.30128213e-01  1.60000000e-01  2.98717867e-04 
 1.70000000e-01  1.37908145e-01  1.70000000e-01  3.20918547e-04 
 1.80000000e-01  1.45607866e-01  1.80000000e-01  3.43921337e-04 
 1.90000000e-01  1.53217892e-01  1.90000000e-01  3.67821085e-04 
 2.00000000e-01  1.60728208e-01  2.00000000e-01  3.92717921e-04 
 2.10000000e-01  1.68128399e-01  2.10000000e-01  4.18716011e-04 
 2.20000000e-01  1.75407806e-01  2.20000000e-01  4.45921944e-04 
 2.30000000e-01  1.82555722e-01  2.30000000e-01  4.74442776e-04 
 2.40000000e-01  1.89561620e-01  2.40000000e-01  5.04383796e-04 
 2.50000000e-01  1.96415389e-01  2.50000000e-01  5.35846105e-04 
 2.60000000e-01  2.03107586e-01  2.60000000e-01  5.68924139e-04 
 2.70000000e-01  2.09629672e-01  2.70000000e-01  6.03703280e-04 
 2.80000000e-01  2.15974228e-01  2.80000000e-01  6.40257721e-04 
 2.90000000e-01  2.22135130e-01  2.90000000e-01  6.78648704e-04 
 3.00000000e-01  2.28107673e-01  3.00000000e-01  7.18923265e-04 
 3.10000000e-01  2.33888647e-01  3.10000000e-01  7.61113528e-04 
 3.20000000e-01  2.39476342e-01  3.20000000e-01  8.05236580e-04 
 3.30000000e-01  2.44870510e-01  3.30000000e-01  8.51294900e-04 
 3.40000000e-01  2.50072276e-01  3.40000000e-01  8.99277244e-04 
 3.50000000e-01  2.55084008e-01  3.50000000e-01  9.49159917e-04 
 3.60000000e-01  2.59909170e-01  3.60000000e-01  1.00090830e-03 
 3.70000000e-01  2.64552150e-01  3.70000000e-01  1.05447850e-03 
 3.80000000e-01  2.69018091e-01  3.80000000e-01  1.10981909e-03 
 3.90000000e-01  2.73312722e-01  3.90000000e-01  1.16687278e-03 
 4.00000000e-01  2.77442204e-01  4.00000000e-01  1.22557796e-03 
 4.10000000e-01  2.81412990e-01  4.10000000e-01  1.28587010e-03 
 4.20000000e-01  2.85231696e-01  4.20000000e-01  1.34768304e-03 
 4.30000000e-01  2.88904999e-01  4.30000000e-01  1.41095001e-03 
 4.40000000e-01  2.92439548e-01  4.40000000e-01  1.47560452e-03 
 4.50000000e-01  2.95841898e-01  4.50000000e-01  1.54158102e-03 
 4.60000000e-01  2.99118446e-01  4.60000000e-01  1.60881554e-03 
 4.70000000e-01  3.02275399e-01  4.70000000e-01  1.67724601e-03 
 4.80000000e-01  3.05318736e-01  4.80000000e-01  1.74681264e-03 
 4.90000000e-01  3.08254193e-01  4.90000000e-01  1.81745807e-03 
 5.00000000e-01  3.11087248e-01  5.00000000e-01  1.88912752e-03 
 5.10000000e-01  3.13823115e-01  5.10000000e-01  1.96176885e-03 
 5.20000000e-01  3.16466746e-01  5.20000000e-01  2.03533254e-03 
 5.30000000e-01  3.19022828e-01  5.30000000e-01  2.10977172e-03 
 5.40000000e-01  3.21495794e-01  5.40000000e-01  2.18504206e-03 
 5.50000000e-01  3.23889831e-01  5.50000000e-01  2.26110169e-03 
 5.60000000e-01  3.26208884e-01  5.60000000e-01  2.33791116e-03 
 5.70000000e-01  3.28456673e-01  5.70000000e-01  2.41543327e-03 
 5.80000000e-01  3.30636701e-01  5.80000000e-01  2.49363299e-03 
 5.90000000e-01  3.32752265e-01  5.90000000e-01  2.57247735e-03 
 6.00000000e-01  3.34806468e-01  6.00000000e-01  2.65193532e-03 
 6.10000000e-01  3.36802229e-01  6.10000000e-01  2.73197771e-03 
 6.20000000e-01  3.38742296e-01  6.20000000e-01  2.81257704e-03 
 6.30000000e-01  3.40629257e-01  6.30000000e-01  2.89370743e-03 
 6.40000000e-01  3.42465545e-01  6.40000000e-01  2.97534455e-03 
 6.50000000e-01  3.44253452e-01  6.50000000e-01  3.05746548e-03 
 6.60000000e-01  3.45995140e-01  6.60000000e-01  3.14004860e-03 
 6.70000000e-01  3.47692641e-01  6.70000000e-01  3.22307359e-03 
 6.80000000e-01  3.49347877e-01  6.80000000e-01  3.30652123e-03 
 6.90000000e-01  3.50962656e-01  6.90000000e-01  3.39037344e-03 
 7.00000000e-01  3.52538686e-01  7.00000000e-01  3.47461314e-03 
 7.10000000e-01  3.54077581e-01  7.10000000e-01  3.55922419e-03 
 7.20000000e-01  3.55580865e-01  7.20000000e-01  3.64419135e-03 
 7.30000000e-01  3.57049978e-01  7.30000000e-01  3.72950022e-03 
 7.40000000e-01  3.58486283e-01  7.40000000e-01  3.81513717e-03 
 7.50000000e-01  3.59891070e-01  7.50000000e-01  3.90108930e-03 
 7.60000000e-01  3.61265561e-01  7.60000000e-01  3.98734439e-03 
 7.70000000e-01  3.62610912e-01  7.70000000e-01  4.07389088e-03 
 7.80000000e-01  3.63928223e-01  7.80000000e-01  4.16071777e-03 
 7.90000000e-01  3.65218534e-01  7.90000000e-01  4.24781466e-03 
 8.00000000e-01  3.66482835e-01  8.00000000e-01  4.33517165e-03 
 8.10000000e-01  3.67722063e-01  8.10000000e-01  4.42277937e-03 
 8.20000000e-01  3.68937114e-01  8.20000000e-01  4.51062886e-03 
 8.30000000e-01  3.70128835e-01  8.30000000e-01  4.59871165e-03 
 8.40000000e-01  3.71298034e-01  8.40000000e-01  4.68701966e-03 
 8.50000000e-01  3.72445482e-01  8.50000000e-01  4.77554518e-03 
 8.60000000e-01  3.73571912e-01  8.60000000e-01  4.86428088e-03 
 8.70000000e-01  3.74678022e-01  8.70000000e-01  4.95321978e-03 
 8.80000000e-01  3.75764479e-01  8.80000000e-01  5.04235521e-03 
 8.90000000e-01  3.76831920e-01  8.90000000e-01  5.13168080e-03 
 9.00000000e-01  3.77880952e-01  9.00000000e-01  5.22119048e-03 
 9.10000000e-01  3.78912157e-01  9.10000000e-01  5.31087843e-03 
 9.20000000e-01  3.79926088e-01  9.20000000e-01  5.40073912e-03 
 9.30000000e-01  3.80923278e-01  9.30000000e-01  5.49076722e-03 
 9.40000000e-01  3.81904233e-01  9.40000000e-01  5.58095767e-03 
 9.50000000e-01  3.82869441e-01  9.50000000e-01  5.67130559e-03 
 9.60000000e-01  3.83819368e-01  9.60000000e-01  5.76180632e-03 
 9.70000000e-01  3.84754459e-01  9.70000000e-01  5.85245541e-03 
 9.80000000e-01  3.85675143e-01  9.80000000e-01  5.94324857e-03 
 9.90000000e-01  3.86581832e-01  9.90000000e-01  6.03418168e-03 
 1.00000000e+00  3.87474919e-01  1.00000000e+00  6.12525081e-03 
 1.01000000e+00  3.88354782e-01  1.01000000e+00  6.21645218e-03 
 1.02000000e+00  3.89221787e-01  1.02000000e+00  6.30778213e-03 
 1.03000000e+00  3.90076281e-01  1.03000000e+00  6.39923719e-03 
 1.04000000e+00  3.90918602e-01  1.04000000e+00  6.49081398e-03 
 1.05000000e+00  3.91749072e-01  1.05000000e+00  6.58250928e-03 
 1.06000000e+00  3.92568002e-01  1.06000000e+00  6.67431998e-03 
 1.07000000e+00  3.93375693e-01  1.07000000e+00  6.76624307e-03 
 1.08000000e+00  3.94172432e-01  1.08000000e+00  6.85827568e-03 
 1.09000000e+00  3.94958497e-01  1.09000000e+00  6.95041503e-03 
 1.10000000e+00  3.95734157e-01  1.10000000e+00  7.04265843e-03 
 1.11000000e+00  3.96499669e-01  1.11000000e+00  7.13500331e-03 
 1.12000000e+00  3.97255283e-01  1.12000000e+00  7.22744717e-03 
 1.13000000e+00  3.98001239e-01  1.13000000e+00  7.31998761e-03 
 1.14000000e+00  3.98737769e-01  1.14000000e+00  7.41262231e-03 
 1.15000000e+00  3.99465097e-01  1.15000000e+00  7.50534903e-03 
 1.16000000e+00  4.00183440e-01  1.16000000e+00  7.59816560e-03 
 1.17000000e+00  4.00893007e-01  1.17000000e+00  7.69106993e-03 
 1.18000000e+00  4.01594000e-01  1.18000000e+00  7.78406000e-03 
 1.19000000e+00  4.02286615e-01  1.19000000e+00  7.87713385e-03 
 1.20000000e+00  4.02971040e-01  1.20000000e+00  7.97028960e-03 
 1.21000000e+00  4.03647459e-01  1.21000000e+00  8.06352541e-03 
 1.22000000e+00  4.04316050e-01  1.22000000e+00  8.15683950e-03 
 1.23000000e+00  4.04976982e-01  1.23000000e+00  8.25023018e-03 
 1.24000000e+00  4.05630423e-01  1.24000000e+00  8.34369577e-03 
 1.25000000e+00  4.06276534e-01  1.25000000e+00  8.43723466e-03 
 1.26000000e+00  4.06915470e-01  1.26000000e+00  8.53084530e-03 
 1.27000000e+00  4.07547382e-01  1.27000000e+00  8.62452618e-03 
 1.28000000e+00  4.08172418e-01  1.28000000e+00  8.71827582e-03 
 1.29000000e+00  4.08790719e-01  1.29000000e+00  8.81209281e-03 
 1.30000000e+00  4.09402423e-01  1.30000000e+00  8.90597577e-03 
 1.31000000e+00  4.10007665e-01  1.31000000e+00  8.99992335e-03 
 1.32000000e+00  4.10606573e-01  1.32000000e+00  9.09393427e-03 
 1.33000000e+00  4.11199275e-01  1.33000000e+00  9.18800725e-03 
 1.34000000e+00  4.11785893e-01  1.34000000e+00  9.28214107e-03 
 1.35000000e+00  4.12366546e-01  1.35000000e+00  9.37633454e-03 
 1.36000000e+00  4.12941349e-01  1.36000000e+00  9.47058651e-03 
 1.37000000e+00  4.13510415e-01  1.37000000e+00  9.56489585e-03 
 1.38000000e+00  4.14073853e-01  1.38000000e+00  9.65926147e-03 
 1.39000000e+00  4.14631770e-01  1.39000000e+00  9.75368230e-03 
 1.40000000e+00  4.15184269e-01  1.40000000e+00  9.84815731e-03 
 1.41000000e+00  4.15731450e-01  1.41000000e+00  9.94268550e-03 
 1.42000000e+00  4.16273412e-01  1.42000000e+00  1.00372659e-02 
 1.43000000e+00  4.16810250e-01  1.43000000e+00  1.01318975e-02 
 1.44000000e+00  4.17342056e-01  1.44000000e+00  1.02265794e-02 
 1.45000000e+00  4.17868920e-01  1.45000000e+00  1.03213108e-02 
 1.46000000e+00  4.18390932e-01  1.46000000e+00  1.04160907e-02 
 1.47000000e+00  4.18908175e-01  1.47000000e+00  1.05109182e-02 
 1.48000000e+00  4.19420735e-01  1.48000000e+00  1.06057926e-02 
 1.49000000e+00  4.19928692e-01  1.49000000e+00  1.07007131e-02 
 1.50000000e+00  4.20432125e-01  1.50000000e+00  1.07956787e-02 
 1.51000000e+00  4.20931113e-01  1.51000000e+00  1.08906889e-02 
 1.52000000e+00  4.21425729e-01  1.52000000e+00  1.09857427e-02 
 1.53000000e+00  4.21916048e-01  1.53000000e+00  1.10808395e-02 
 1.54000000e+00  4.22402142e-01  1.54000000e+00  1.11759786e-02 
 1.55000000e+00  4.22884081e-01  1.55000000e+00  1.12711592e-02 
 1.56000000e+00  4.23361932e-01  1.56000000e+00  1.13663807e-02 
 1.57000000e+00  4.23835763e-01  1.57000000e+00  1.14616424e-02 
 1.58000000e+00  4.24305639e-01  1.58000000e+00  1.15569436e-02 
 1.59000000e+00  4.24771622e-01  1.59000000e+00  1.16522838e-02 
 1.60000000e+00  4.25233776e-01  1.60000000e+00  1.17476622e-02 
 1.61000000e+00  4.25692161e-01  1.61000000e+00  1.18430784e-02 
 1.62000000e+00  4.26146836e-01  1.62000000e+00  1.19385316e-02 
 1.63000000e+00  4.26597859e-01  1.63000000e+00  1.20340214e-02 
 1.64000000e+00  4.27045287e-01  1.64000000e+00  1.21295471e-02 
 1.65000000e+00  4.27489174e-01  1.65000000e+00  1.22251083e-02 
 1.66000000e+00  4.27929576e-01  1.66000000e+00  1.23207042e-02 
 1.67000000e+00  4.28366544e-01  1.67000000e+00  1.24163346e-02 
 1.68000000e+00  4.28800130e-01  1.68000000e+00  1.25119987e-02 
 1.69000000e+00  4.29230386e-01  1.69000000e+00  1.26076961e-02 
 1.70000000e+00  4.29657359e-01  1.70000000e+00  1.27034264e-02 
 1.71000000e+00  4.30081100e-01  1.71000000e+00  1.27991890e-02 
 1.72000000e+00  4.30501654e-01  1.72000000e+00  1.28949835e-02 
 1.73000000e+00  4.30919069e-01  1.73000000e+00  1.29908093e-02 
 1.74000000e+00  4.31333389e-01  1.74000000e+00  1.30866661e-02 
 1.75000000e+00  4.31744660e-01  1.75000000e+00  1.31825534e-02 
 1.76000000e+00  4.32152923e-01  1.76000000e+00  1.32784708e-02 
 1.77000000e+00  4.32558223e-01  1.77000000e+00  1.33744178e-02 
 1.78000000e+00  4.32960600e-01  1.78000000e+00  1.34703940e-02 
 1.79000000e+00  4.33360096e-01  1.79000000e+00  1.35663990e-02 
 1.80000000e+00  4.33756750e-01  1.80000000e+00  1.36624325e-02 
 1.81000000e+00  4.34150602e-01  1.81000000e+00  1.37584940e-02 
 1.82000000e+00  4.34541689e-01  1.82000000e+00  1.38545831e-02 
 1.83000000e+00  4.34930050e-01  1.83000000e+00  1.39506995e-02 
 1.84000000e+00  4.35315721e-01  1.84000000e+00  1.40468428e-02 
 1.85000000e+00  4.35698739e-01  1.85000000e+00  1.41430126e-02 
 1.86000000e+00  4.36079138e-01  1.86000000e+00  1.42392086e-02 
 1.87000000e+00  4.36456954e-01  1.87000000e+00  1.43354305e-02 
 1.88000000e+00  4.36832220e-01  1.88000000e+00  1.44316778e-02 
 1.89000000e+00  4.37204971e-01  1.89000000e+00  1.45279503e-02 
 1.90000000e+00  4.37575238e-01  1.90000000e+00  1.46242476e-02 
 1.91000000e+00  4.37943053e-01  1.91000000e+00  1.47205695e-02 
 1.92000000e+00  4.38308450e-01  1.92000000e+00  1.48169155e-02 
 1.93000000e+00  4.38671457e-01  1.93000000e+00  1.49132854e-02 
 1.94000000e+00  4.39032106e-01  1.94000000e+00  1.50096789e-02 
 1.95000000e+00  4.39390426e-01  1.95000000e+00  1.51060957e-02 
 1.96000000e+00  4.39746446e-01  1.96000000e+00  1.52025355e-02 
 1.97000000e+00  4.40100196e-01  1.97000000e+00  1.52989980e-02 
 1.98000000e+00  4.40451703e-01  1.98000000e+00  1.53954830e-02 
 1.99000000e+00  4.40800995e-01  1.99000000e+00  1.54919900e-02 
 2.00000000e+00  4.41148099e-01  2.00000000e+00  1.55885190e-02 
