-2.00000000e+00 -1.66444542e+00 -2.00000000e+00 -3.35554582e-03 
-1.99000000e+00 -1.65611208e+00 -1.99000000e+00 -3.33887917e-03 
-1.98000000e+00 -1.64777875e+00 -1.98000000e+00 -3.32221251e-03 
-1.97000000e+00 -1.63944542e+00 -1.97000000e+00 -3.30554585e-03 
-1.96000000e+00 -1.63111208e+00 -1.96000000e+00 -3.28887919e-03 
-1.95000000e+00 -1.62277875e+00 -1.95000000e+00 -3.27221253e-03 
-1.94000000e+00 -1.61444541e+00 -1.94000000e+00 -3.25554587e-03 
-1.93000000e+00 -1.60611208e+00 -1.93000000e+00 -3.23887921e-03 
-1.92000000e+00 -1.59777875e+00 -1.92000000e+00 -3.22221255e-03 
-1.91000000e+00 -1.58944541e+00 -1.91000000e+00 -3.20554588e-03 
-1.90000000e+00 -1.58111208e+00 -1.90000000e+00 -3.18887922e-03 
-1.89000000e+00 -1.57277874e+00 -1.89000000e+00 -3.17221256e-03 
-1.88000000e+00 -1.56444541e+00 -1.88000000e+00 -3.15554589e-03 
-1.87000000e+00 -1.55611208e+00 -1.87000000e+00 -3.13887923e-03 
-1.86000000e+00 -1.54777874e+00 -1.86000000e+00 -3.12221257e-03 
-1.85000000e+00 -1.53944541e+00 -1.85000000e+00 -3.10554590e-03 
-1.84000000e+00 -1.53111208e+00 -1.84000000e+00 -3.08887924e-03 
-1.83000000e+00 -1.52277874e+00 -1.83000000e+00 -3.07221257e-03 
-1.82000000e+00 -1.51444541e+00 -1.82000000e+00 -3.05554590e-03 
-1.81000000e+00 -1.50611208e+00 -1.81000000e+00 -3.03887924e-03 
-1.80000000e+00 -1.49777874e+00 -1.80000000e+00 -3.02221257e-03 
-1.79000000e+00 -1.48944541e+00 -1.79000000e+00 -3.00554590e-03 
-1.78000000e+00 -1.48111208e+00 -1.78000000e+00 -2.98887923e-03 
-1.77000000e+00 -1.47277874e+00 -1.77000000e+00 -2.97221256e-03 
-1.76000000e+00 -1.46444541e+00 -1.76000000e+00 -2.95554589e-03 
-1.75000000e+00 -1.45611208e+00 -1.75000000e+00 -2.93887922e-03 
-1.74000000e+00 -1.44777875e+00 -1.74000000e+00 -2.92221255e-03 
-1.73000000e+00 -1.43944541e+00 -1.73000000e+00 -2.90554587e-03 
-1.72000000e+00 -1.43111208e+00 -1.72000000e+00 -2.88887920e-03 
-1.71000000e+00 -1.42277875e+00 -1.71000000e+00 -2.87221252e-03 
-1.70000000e+00 -1.41444542e+00 -1.70000000e+00 -2.85554585e-03 
-1.69000000e+00 -1.40611208e+00 -1.69000000e+00 -2.83887917e-03 
-1.68000000e+00 -1.39777875e+00 -1.68000000e+00 -2.82221250e-03 
-1.67000000e+00 -1.38944542e+00 -1.67000000e+00 -2.80554582e-03 
-1.66000000e+00 -1.38111209e+00 -1.66000000e+00 -2.78887914e-03 
-1.65000000e+00 -1.37277875e+00 -1.65000000e+00 -2.77221246e-03 
-1.64000000e+00 -1.36444542e+00 -1.64000000e+00 -2.75554578e-03 
-1.63000000e+00 -1.35611209e+00 -1.63000000e+00 -2.73887910e-03 
-1.62000000e+00 -1.34777876e+00 -1.62000000e+00 -2.72221241e-03 
-1.61000000e+00 -1.33944543e+00 -1.61000000e+00 -2.70554573e-03 
-1.60000000e+00 -1.33111210e+00 -1.60000000e+00 -2.68887904e-03 
-1.59000000e+00 -1.32277876e+00 -1.59000000e+00 -2.67221236e-03 
-1.58000000e+00 -1.31444543e+00 -1.58000000e+00 -2.65554567e-03 
-1.57000000e+00 -1.30611210e+00 -1.57000000e+00 -2.63887898e-03 
-1.56000000e+00 -1.29777877e+00 -1.56000000e+00 -2.62221229e-03 
-1.55000000e+00 -1.28944544e+00 -1.55000000e+00 -2.60554560e-03 
-1.54000000e+00 -1.28111211e+00 -1.54000000e+00 -2.58887890e-03 
-1.53000000e+00 -1.27277878e+00 -1.53000000e+00 -2.57221221e-03 
-1.52000000e+00 -1.26444545e+00 -1.52000000e+00 -2.55554551e-03 
-1.51000000e+00 -1.25611212e+00 -1.51000000e+00 -2.53887882e-03 
-1.50000000e+00 -1.24777879e+00 -1.50000000e+00 -2.52221212e-03 
-1.49000000e+00 -1.23944546e+00 -1.49000000e+00 -2.50554542e-03 
-1.48000000e+00 -1.23111213e+00 -1.48000000e+00 -2.48887871e-03 
-1.47000000e+00 -1.22277880e+00 -1.47000000e+00 -2.47221201e-03 
-1.46000000e+00 -1.21444547e+00 -1.46000000e+00 -2.45554530e-03 
-1.45000000e+00 -1.20611214e+00 -1.45000000e+00 -2.43887860e-03 
-1.44000000e+00 -1.19777881e+00 -1.44000000e+00 -2.42221189e-03 
-1.43000000e+00 -1.18944548e+00 -1.43000000e+00 -2.40554518e-03 
-1.42000000e+00 -1.18111215e+00 -1.42000000e+00 -2.38887846e-03 
-1.41000000e+00 -1.17277883e+00 -1.41000000e+00 -2.37221175e-03 
-1.40000000e+00 -1.16444550e+00 -1.40000000e+00 -2.35554503e-03 
-1.39000000e+00 -1.15611217e+00 -1.39000000e+00 -2.33887831e-03 
-1.38000000e+00 -1.14777884e+00 -1.38000000e+00 -2.32221158e-03 
-1.37000000e+00 -1.13944551e+00 -1.37000000e+00 -2.30554486e-03 
-1.36000000e+00 -1.13111219e+00 -1.36000000e+00 -2.28887813e-03 
-1.35000000e+00 -1.12277886e+00 -1.35000000e+00 -2.27221140e-03 
-1.34000000e+00 -1.11444553e+00 -1.34000000e+00 -2.25554467e-03 
-1.33000000e+00 -1.10611221e+00 -1.33000000e+00 -2.23887793e-03 
-1.32000000e+00 -1.09777888e+00 -1.32000000e+00 -2.22221119e-03 
-1.31000000e+00 -1.08944556e+00 -1.31000000e+00 -2.20554445e-03 
-1.30000000e+00 -1.08111223e+00 -1.30000000e+00 -2.18887770e-03 
-1.29000000e+00 -1.07277890e+00 -1.29000000e+00 -2.17221096e-03 
-1.28000000e+00 -1.06444558e+00 -1.28000000e+00 -2.15554420e-03 
-1.27000000e+00 -1.05611226e+00 -1.27000000e+00 -2.13887745e-03 
-1.26000000e+00 -1.04777893e+00 -1.26000000e+00 -2.12221069e-03 
-1.25000000e+00 -1.03944561e+00 -1.25000000e+00 -2.10554392e-03 
-1.24000000e+00 -1.03111228e+00 -1.24000000e+00 -2.08887716e-03 
-1.23000000e+00 -1.02277896e+00 -1.23000000e+00 -2.07221038e-03 
-1.22000000e+00 -1.01444564e+00 -1.22000000e+00 -2.05554361e-03 
-1.21000000e+00 -1.00611232e+00 -1.21000000e+00 -2.03887683e-03 
-1.20000000e+00 -9.97778996e-01 -1.20000000e+00 -2.02221004e-03 
-1.19000000e+00 -9.89445675e-01 -1.19000000e+00 -2.00554325e-03 
-1.18000000e+00 -9.81112354e-01 -1.18000000e+00 -1.98887646e-03 
-1.17000000e+00 -9.72779035e-01 -1.17000000e+00 -1.97220965e-03 
-1.16000000e+00 -9.64445715e-01 -1.16000000e+00 -1.95554285e-03 
-1.15000000e+00 -9.56112397e-01 -1.15000000e+00 -1.93887603e-03 
-1.14000000e+00 -9.47779078e-01 -1.14000000e+00 -1.92220922e-03 
-1.13000000e+00 -9.39445761e-01 -1.13000000e+00 -1.90554239e-03 
-1.12000000e+00 -9.31112444e-01 -1.12000000e+00 -1.88887556e-03 
-1.11000000e+00 -9.22779128e-01 -1.11000000e+00 -1.87220872e-03 
-1.10000000e+00 -9.14445813e-01 -1.10000000e+00 -1.85554187e-03 
-1.09000000e+00 -9.06112498e-01 -1.09000000e+00 -1.83887502e-03 
-1.08000000e+00 -8.97779184e-01 -1.08000000e+00 -1.82220816e-03 
-1.07000000e+00 -8.89445871e-01 -1.07000000e+00 -1.80554129e-03 
-1.06000000e+00 -8.81112559e-01 -1.06000000e+00 -1.78887441e-03 
-1.05000000e+00 -8.72779248e-01 -1.05000000e+00 -1.77220752e-03 
-1.04000000e+00 -8.64445938e-01 -1.04000000e+00 -1.75554062e-03 
-1.03000000e+00 -8.56112629e-01 -1.03000000e+00 -1.73887371e-03 
-1.02000000e+00 -8.47779321e-01 -1.02000000e+00 -1.72220679e-03 
-1.01000000e+00 -8.39446014e-01 -1.01000000e+00 -1.70553986e-03 
-1.00000000e+00 -8.31112708e-01 -1.00000000e+00 -1.68887292e-03 
-9.90000000e-01 -8.22779404e-01 -9.90000000e-01 -1.67220596e-03 
-9.80000000e-01 -8.14446101e-01 -9.80000000e-01 -1.65553899e-03 
-9.70000000e-01 -8.06112799e-01 -9.70000000e-01 -1.63887201e-03 
-9.60000000e-01 -7.97779498e-01 -9.60000000e-01 -1.62220502e-03 
-9.50000000e-01 -7.89446200e-01 -9.50000000e-01 -1.60553800e-03 
-9.40000000e-01 -7.81112902e-01 -9.40000000e-01 -1.58887098e-03 
-9.30000000e-01 -7.72779607e-01 -9.30000000e-01 -1.57220393e-03 
-9.20000000e-01 -7.64446313e-01 -9.20000000e-01 -1.55553687e-03 
-9.10000000e-01 -7.56113021e-01 -9.10000000e-01 -1.53886979e-03 
-9.00000000e-01 -7.47779731e-01 -9.00000000e-01 -1.52220269e-03 
-8.90000000e-01 -7.39446444e-01 -8.90000000e-01 -1.50553556e-03 
-8.80000000e-01 -7.31113158e-01 -8.80000000e-01 -1.48886842e-03 
-8.70000000e-01 -7.22779875e-01 -8.70000000e-01 -1.47220125e-03 
-8.60000000e-01 -7.14446594e-01 -8.60000000e-01 -1.45553406e-03 
-8.50000000e-01 -7.06113316e-01 -8.50000000e-01 -1.43886684e-03 
-8.40000000e-01 -6.97780041e-01 -8.40000000e-01 -1.42219959e-03 
-8.30000000e-01 -6.89446769e-01 -8.30000000e-01 -1.40553231e-03 
-8.20000000e-01 -6.81113500e-01 -8.20000000e-01 -1.38886500e-03 
-8.10000000e-01 -6.72780234e-01 -8.10000000e-01 -1.37219766e-03 
-8.00000000e-01 -6.64446972e-01 -8.00000000e-01 -1.35553028e-03 
-7.90000000e-01 -6.56113713e-01 -7.90000000e-01 -1.33886287e-03 
-7.80000000e-01 -6.47780459e-01 -7.80000000e-01 -1.32219541e-03 
-7.70000000e-01 -6.39447209e-01 -7.70000000e-01 -1.30552791e-03 
-7.60000000e-01 -6.31113964e-01 -7.60000000e-01 -1.28886036e-03 
-7.50000000e-01 -6.22780723e-01 -7.50000000e-01 -1.27219277e-03 
-7.40000000e-01 -6.14447488e-01 -7.40000000e-01 -1.25552512e-03 
-7.30000000e-01 -6.06114259e-01 -7.30000000e-01 -1.23885741e-03 
-7.20000000e-01 -5.97781035e-01 -7.20000000e-01 -1.22218965e-03 
-7.10000000e-01 -5.89447818e-01 -7.10000000e-01 -1.20552182e-03 
-7.00000000e-01 -5.81114608e-01 -7.00000000e-01 -1.18885392e-03 
-6.90000000e-01 -5.72781405e-01 -6.90000000e-01 -1.17218595e-03 
-6.80000000e-01 -5.64448211e-01 -6.80000000e-01 -1.15551789e-03 
-6.70000000e-01 -5.56115024e-01 -6.70000000e-01 -1.13884976e-03 
-6.60000000e-01 -5.47781848e-01 -6.60000000e-01 -1.12218152e-03 
-6.50000000e-01 -5.39448681e-01 -6.50000000e-01 -1.10551319e-03 
-6.40000000e-01 -5.31115525e-01 -6.40000000e-01 -1.08884475e-03 
-6.30000000e-01 -5.22782380e-01 -6.30000000e-01 -1.07217620e-03 
-6.20000000e-01 -5.14449249e-01 -6.20000000e-01 -1.05550751e-03 
-6.10000000e-01 -5.06116131e-01 -6.10000000e-01 -1.03883869e-03 
-6.00000000e-01 -4.97783027e-01 -6.00000000e-01 -1.02216973e-03 
-5.90000000e-01 -4.89449940e-01 -5.90000000e-01 -1.00550060e-03 
-5.80000000e-01 -4.81116871e-01 -5.80000000e-01 -9.88831293e-04 
-5.70000000e-01 -4.72783820e-01 -5.70000000e-01 -9.72161798e-04 
-5.60000000e-01 -4.64450791e-01 -5.60000000e-01 -9.55492093e-04 
-5.50000000e-01 -4.56117784e-01 -5.50000000e-01 -9.38822160e-04 
-5.40000000e-01 -4.47784802e-01 -5.40000000e-01 -9.22151978e-04 
-5.30000000e-01 -4.39451848e-01 -5.30000000e-01 -9.05481522e-04 
-5.20000000e-01 -4.31118924e-01 -5.20000000e-01 -8.88810765e-04 
-5.10000000e-01 -4.22786032e-01 -5.10000000e-01 -8.72139677e-04 
-5.00000000e-01 -4.14453178e-01 -5.00000000e-01 -8.55468223e-04 
-4.90000000e-01 -4.06120363e-01 -4.90000000e-01 -8.38796367e-04 
-4.80000000e-01 -3.97787594e-01 -4.80000000e-01 -8.22124064e-04 
-4.70000000e-01 -3.89454873e-01 -4.70000000e-01 -8.05451266e-04 
-4.60000000e-01 -3.81122208e-01 -4.60000000e-01 -7.88777918e-04 
-4.50000000e-01 -3.72789604e-01 -4.50000000e-01 -7.72103957e-04 
-4.40000000e-01 -3.64457069e-01 -4.40000000e-01 -7.55429310e-04 
-4.30000000e-01 -3.56124610e-01 -4.30000000e-01 -7.38753897e-04 
-4.20000000e-01 -3.47792238e-01 -4.20000000e-01 -7.22077622e-04 
-4.10000000e-01 -3.39459962e-01 -4.10000000e-01 -7.05400379e-04 
-4.00000000e-01 -3.31127796e-01 -4.00000000e-01 -6.88722041e-04 
-3.90000000e-01 -3.22795754e-01 -3.90000000e-01 -6.72042464e-04 
-3.80000000e-01 -3.14463852e-01 -3.80000000e-01 -6.55361479e-04 
-3.70000000e-01 -3.06132111e-01 -3.70000000e-01 -6.38678891e-04 
-3.60000000e-01 -2.97800553e-01 -3.60000000e-01 -6.21994467e-04 
-3.50000000e-01 -2.89469206e-01 -3.50000000e-01 -6.05307938e-04 
-3.40000000e-01 -2.81138102e-01 -3.40000000e-01 -5.88618981e-04 
-3.30000000e-01 -2.72807278e-01 -3.30000000e-01 -5.71927215e-04 
-3.20000000e-01 -2.64476782e-01 -3.20000000e-01 -5.55232184e-04 
-3.10000000e-01 -2.56146666e-01 -3.10000000e-01 -5.38533341e-04 
-3.00000000e-01 -2.47816998e-01 -3.00000000e-01 -5.21830023e-04 
-2.90000000e-01 -2.39487857e-01 -2.90000000e-01 -5.05121426e-04 
-2.80000000e-01 -2.31159343e-01 -2.80000000e-01 -4.88406567e-04 
-2.70000000e-01 -2.22831577e-01 -2.70000000e-01 -4.71684233e-04 
-2.60000000e-01 -2.14504708e-01 -2.60000000e-01 -4.54952919e-04 
-2.50000000e-01 -2.06178926e-01 -2.50000000e-01 -4.38210743e-04 
-2.40000000e-01 -1.97854467e-01 -2.40000000e-01 -4.21455329e-04 
-2.30000000e-01 -1.89531635e-01 -2.30000000e-01 -4.04683650e-04 
-2.20000000e-01 -1.81210819e-01 -2.20000000e-01 -3.87891813e-04 
-2.10000000e-01 -1.72892503e-01 -2.10000000e-01 -3.71074968e-04 
-2.00000000e-01 -1.64576709e-01 -2.00000000e-01 -3.54232907e-04 
-1.90000000e-01 -1.56263599e-01 -1.90000000e-01 -3.37364011e-04 
-1.80000000e-01 -1.47953580e-01 -1.80000000e-01 -3.20464199e-04 
-1.70000000e-01 -1.39647122e-01 -1.70000000e-01 -3.03528776e-04 
-1.60000000e-01 -1.31344766e-01 -1.60000000e-01 -2.86552342e-04 
-1.50000000e-01 -1.23047131e-01 -1.50000000e-01 -2.69528695e-04 
-1.40000000e-01 -1.14754929e-01 -1.40000000e-01 -2.52450711e-04 
-1.30000000e-01 -1.06468979e-01 -1.30000000e-01 -2.35310214e-04 
-1.20000000e-01 -9.81902172e-02 -1.20000000e-01 -2.18097828e-04 
-1.10000000e-01 -8.99197185e-02 -1.10000000e-01 -2.00802815e-04 
-1.00000000e-01 -8.16587119e-02 -1.00000000e-01 -1.83412881e-04 
-9.00000000e-02 -7.34086022e-02 -9.00000000e-02 -1.65913978e-04 
-8.00000000e-02 -6.51709932e-02 -8.00000000e-02 -1.48290068e-04 
-7.00000000e-02 -5.69477122e-02 -7.00000000e-02 -1.30522878e-04 
-6.00000000e-02 -4.87408382e-02 -6.00000000e-02 -1.12591618e-04 
-5.00000000e-02 -4.05527306e-02 -5.00000000e-02 -9.44726944e-05 
-4.00000000e-02 -3.23860612e-02 -4.00000000e-02 -7.61393876e-05 
-3.00000000e-02 -2.42438473e-02 -3.00000000e-02 -5.75615266e-05 
-2.00000000e-02 -1.61294852e-02 -2.00000000e-02 -3.87051484e-05 
-1.00000000e-02 -8.04678411e-03 -1.00000000e-02 -1.95321589e-05 
 1.64104841e-15  1.31753075e-15  1.64104841e-15  3.23517662e-18 
 1.00000000e-02  8.00613681e-03  1.00000000e-02  1.99386319e-05 
 2.00000000e-02  1.59663916e-02  2.00000000e-02  4.03360840e-05 
 3.00000000e-02  2.38750104e-02  3.00000000e-02  6.12498962e-05 
 4.00000000e-02  3.17257083e-02  4.00000000e-02  8.27429171e-05 
 5.00000000e-02  3.95116727e-02  5.00000000e-02  1.04883273e-04 
 6.00000000e-02  4.72255810e-02  6.00000000e-02  1.27744190e-04 
 7.00000000e-02  5.48596369e-02  7.00000000e-02  1.51403631e-04 
 8.00000000e-02  6.24056271e-02  8.00000000e-02  1.75943729e-04 
 9.00000000e-02  6.98550009e-02  9.00000000e-02  2.01449991e-04 
 1.00000000e-01  7.71989725e-02  1.00000000e-01  2.28010275e-04 
 1.10000000e-01  8.44286463e-02  1.10000000e-01  2.55713537e-04 
 1.20000000e-01  9.15351615e-02  1.20000000e-01  2.84648385e-04 
 1.30000000e-01  9.85098530e-02  1.30000000e-01  3.14901470e-04 
 1.40000000e-01  1.05344420e-01  1.40000000e-01  3.46555796e-04 
 1.50000000e-01  1.12031099e-01  1.50000000e-01  3.79689011e-04 
 1.60000000e-01  1.18562822e-01  1.60000000e-01  4.14371775e-04 
 1.70000000e-01  1.24933372e-01  1.70000000e-01  4.50666285e-04 
 1.80000000e-01  1.31137496e-01  1.80000000e-01  4.88625042e-04 
 1.90000000e-01  1.37171006e-01  1.90000000e-01  5.28289935e-04 
 2.00000000e-01  1.43030834e-01  2.00000000e-01  5.69691657e-04 
 2.10000000e-01  1.48715050e-01  2.10000000e-01  6.12849497e-04 
 2.20000000e-01  1.54222852e-01  2.20000000e-01  6.57771480e-04 
 2.30000000e-01  1.59554517e-01  2.30000000e-01  7.04454833e-04 
 2.40000000e-01  1.64711328e-01  2.40000000e-01  7.52886720e-04 
 2.50000000e-01  1.69695482e-01  2.50000000e-01  8.03045181e-04 
 2.60000000e-01  1.74509978e-01  2.60000000e-01  8.54900221e-04 
 2.70000000e-01  1.79158503e-01  2.70000000e-01  9.08414967e-04 
 2.80000000e-01  1.83645314e-01  2.80000000e-01  9.63546858e-04 
 2.90000000e-01  1.87975121e-01  2.90000000e-01  1.02024879e-03 
 3.00000000e-01  1.92152977e-01  3.00000000e-01  1.07847023e-03 
 3.10000000e-01  1.96184183e-01  3.10000000e-01  1.13815817e-03 
 3.20000000e-01  2.00074192e-01  3.20000000e-01  1.19925808e-03 
 3.30000000e-01  2.03828539e-01  3.30000000e-01  1.26171461e-03 
 3.40000000e-01  2.07452767e-01  3.40000000e-01  1.32547233e-03 
 3.50000000e-01  2.10952379e-01  3.50000000e-01  1.39047621e-03 
 3.60000000e-01  2.14332786e-01  3.60000000e-01  1.45667214e-03 
 3.70000000e-01  2.17599279e-01  3.70000000e-01  1.52400721e-03 
 3.80000000e-01  2.20756996e-01  3.80000000e-01  1.59243004e-03 
 3.90000000e-01  2.23810907e-01  3.90000000e-01  1.66189093e-03 
 4.00000000e-01  2.26765793e-01  4.00000000e-01  1.73234207e-03 
 4.10000000e-01  2.29626244e-01  4.10000000e-01  1.80373756e-03 
 4.20000000e-01  2.32396651e-01  4.20000000e-01  1.87603349e-03 
 4.30000000e-01  2.35081203e-01  4.30000000e-01  1.94918797e-03 
 4.40000000e-01  2.37683892e-01  4.40000000e-01  2.02316108e-03 
 4.50000000e-01  2.40208513e-01  4.50000000e-01  2.09791487e-03 
 4.60000000e-01  2.42658668e-01  4.60000000e-01  2.17341332e-03 
 4.70000000e-01  2.45037778e-01  4.70000000e-01  2.24962222e-03 
 4.80000000e-01  2.47349082e-01  4.80000000e-01  2.32650918e-03 
 4.90000000e-01  2.49595649e-01  4.90000000e-01  2.40404351e-03 
 5.00000000e-01  2.51780384e-01  5.00000000e-01  2.48219616e-03 
 5.10000000e-01  2.53906038e-01  5.10000000e-01  2.56093962e-03 
 5.20000000e-01  2.55975211e-01  5.20000000e-01  2.64024789e-03 
 5.30000000e-01  2.57990366e-01  5.30000000e-01  2.72009634e-03 
 5.40000000e-01  2.59953831e-01  5.40000000e-01  2.80046169e-03 
 5.50000000e-01  2.61867811e-01  5.50000000e-01  2.88132189e-03 
 5.60000000e-01  2.63734391e-01  5.60000000e-01  2.96265609e-03 
 5.70000000e-01  2.65555544e-01  5.70000000e-01  3.04444456e-03 
 5.80000000e-01  2.67333140e-01  5.80000000e-01  3.12666860e-03 
 5.90000000e-01  2.69068949e-01  5.90000000e-01  3.20931051e-03 
 6.00000000e-01  2.70764648e-01  6.00000000e-01  3.29235352e-03 
 6.10000000e-01  2.72421826e-01  6.10000000e-01  3.37578174e-03 
 6.20000000e-01  2.74041991e-01  6.20000000e-01  3.45958009e-03 
 6.30000000e-01  2.75626571e-01  6.30000000e-01  3.54373429e-03 
 6.40000000e-01  2.77176924e-01  6.40000000e-01  3.62823076e-03 
 6.50000000e-01  2.78694338e-01  6.50000000e-01  3.71305662e-03 
 6.60000000e-01  2.80180036e-01  6.60000000e-01  3.79819964e-03 
 6.70000000e-01  2.81635182e-01  6.70000000e-01  3.88364818e-03 
 6.80000000e-01  2.83060880e-01  6.80000000e-01  3.96939120e-03 
 6.90000000e-01  2.84458183e-01  6.90000000e-01  4.05541817e-03 
 7.00000000e-01  2.85828092e-01  7.00000000e-01  4.14171908e-03 
 7.10000000e-01  2.87171561e-01  7.10000000e-01  4.22828439e-03 
 7.20000000e-01  2.88489497e-01  7.20000000e-01  4.31510503e-03 
 7.30000000e-01  2.89782767e-01  7.30000000e-01  4.40217233e-03 
 7.40000000e-01  2.91052197e-01  7.40000000e-01  4.48947803e-03 
 7.50000000e-01  2.92298574e-01  7.50000000e-01  4.57701426e-03 
 7.60000000e-01  2.93522651e-01  7.60000000e-01  4.66477349e-03 
 7.70000000e-01  2.94725146e-01  7.70000000e-01  4.75274854e-03 
 7.80000000e-01  2.95906747e-01  7.80000000e-01  4.84093253e-03 
 7.90000000e-01  2.97068109e-01  7.90000000e-01  4.92931891e-03 
 8.00000000e-01  2.98209861e-01  8.00000000e-01  5.01790139e-03 
 8.10000000e-01  2.99332605e-01  8.10000000e-01  5.10667395e-03 
 8.20000000e-01  3.00436915e-01  8.20000000e-01  5.19563085e-03 
 8.30000000e-01  3.01523342e-01  8.30000000e-01  5.28476658e-03 
 8.40000000e-01  3.02592417e-01  8.40000000e-01  5.37407583e-03 
 8.50000000e-01  3.03644644e-01  8.50000000e-01  5.46355356e-03 
 8.60000000e-01  3.04680510e-01  8.60000000e-01  5.55319490e-03 
 8.70000000e-01  3.05700482e-01  8.70000000e-01  5.64299518e-03 
 8.80000000e-01  3.06705007e-01  8.80000000e-01  5.73294993e-03 
 8.90000000e-01  3.07694516e-01  8.90000000e-01  5.82305484e-03 
 9.00000000e-01  3.08669421e-01  9.00000000e-01  5.91330579e-03 
 9.10000000e-01  3.09630121e-01  9.10000000e-01  6.00369879e-03 
 9.20000000e-01  3.10576997e-01  9.20000000e-01  6.09423003e-03 
 9.30000000e-01  3.11510417e-01  9.30000000e-01  6.18489583e-03 
 9.40000000e-01  3.12430735e-01  9.40000000e-01  6.27569265e-03 
 9.50000000e-01  3.13338291e-01  9.50000000e-01  6.36661709e-03 
 9.60000000e-01  3.14233415e-01  9.60000000e-01  6.45766585e-03 
 9.70000000e-01  3.15116422e-01  9.70000000e-01  6.54883578e-03 
 9.80000000e-01  3.15987617e-01  9.80000000e-01  6.64012383e-03 
 9.90000000e-01  3.16847295e-01  9.90000000e-01  6.73152705e-03 
 1.00000000e+00  3.17695738e-01  1.00000000e+00  6.82304262e-03 
 1.01000000e+00  3.18533222e-01  1.01000000e+00  6.91466778e-03 
 1.02000000e+00  3.19360009e-01  1.02000000e+00  7.00639991e-03 
 1.03000000e+00  3.20176356e-01  1.03000000e+00  7.09823644e-03 
 1.04000000e+00  3.20982509e-01  1.04000000e+00  7.19017491e-03 
 1.05000000e+00  3.21778706e-01  1.05000000e+00  7.28221294e-03 
 1.06000000e+00  3.22565177e-01  1.06000000e+00  7.37434823e-03 
 1.07000000e+00  3.23342146e-01  1.07000000e+00  7.46657854e-03 
 1.08000000e+00  3.24109828e-01  1.08000000e+00  7.55890172e-03 
 1.09000000e+00  3.24868431e-01  1.09000000e+00  7.65131569e-03 
 1.10000000e+00  3.25618157e-01  1.10000000e+00  7.74381843e-03 
 1.11000000e+00  3.26359201e-01  1.11000000e+00  7.83640799e-03 
 1.12000000e+00  3.27091754e-01  1.12000000e+00  7.92908246e-03 
 1.13000000e+00  3.27815997e-01  1.13000000e+00  8.02184003e-03 
 1.14000000e+00  3.28532110e-01  1.14000000e+00  8.11467890e-03 
 1.15000000e+00  3.29240263e-01  1.15000000e+00  8.20759737e-03 
 1.16000000e+00  3.29940625e-01  1.16000000e+00  8.30059375e-03 
 1.17000000e+00  3.30633356e-01  1.17000000e+00  8.39366644e-03 
 1.18000000e+00  3.31318615e-01  1.18000000e+00  8.48681385e-03 
 1.19000000e+00  3.31996553e-01  1.19000000e+00  8.58003447e-03 
 1.20000000e+00  3.32667319e-01  1.20000000e+00  8.67332681e-03 
 1.21000000e+00  3.33331057e-01  1.21000000e+00  8.76668943e-03 
 1.22000000e+00  3.33987905e-01  1.22000000e+00  8.86012095e-03 
 1.23000000e+00  3.34638000e-01  1.23000000e+00  8.95362000e-03 
 1.24000000e+00  3.35281474e-01  1.24000000e+00  9.04718526e-03 
 1.25000000e+00  3.35918454e-01  1.25000000e+00  9.14081546e-03 
 1.26000000e+00  3.36549064e-01  1.26000000e+00  9.23450936e-03 
 1.27000000e+00  3.37173427e-01  1.27000000e+00  9.32826573e-03 
 1.28000000e+00  3.37791659e-01  1.28000000e+00  9.42208341e-03 
 1.29000000e+00  3.38403875e-01  1.29000000e+00  9.51596125e-03 
 1.30000000e+00  3.39010187e-01  1.30000000e+00  9.60989813e-03 
 1.31000000e+00  3.39610703e-01  1.31000000e+00  9.70389297e-03 
 1.32000000e+00  3.40205528e-01  1.32000000e+00  9.79794472e-03 
 1.33000000e+00  3.40794766e-01  1.33000000e+00  9.89205234e-03 
 1.34000000e+00  3.41378516e-01  1.34000000e+00  9.98621484e-03 
 1.35000000e+00  3.41956876e-01  1.35000000e+00  1.00804312e-02 
 1.36000000e+00  3.42529942e-01  1.36000000e+00  1.01747006e-02 
 1.37000000e+00  3.43097805e-01  1.37000000e+00  1.02690220e-02 
 1.38000000e+00  3.43660555e-01  1.38000000e+00  1.03633944e-02 
 1.39000000e+00  3.44218282e-01  1.39000000e+00  1.04578172e-02 
 1.40000000e+00  3.44771070e-01  1.40000000e+00  1.05522893e-02 
 1.41000000e+00  3.45319003e-01  1.41000000e+00  1.06468100e-02 
 1.42000000e+00  3.45862163e-01  1.42000000e+00  1.07413784e-02 
 1.43000000e+00  3.46400629e-01  1.43000000e+00  1.08359937e-02 
 1.44000000e+00  3.46934480e-01  1.44000000e+00  1.09306552e-02 
 1.45000000e+00  3.47463790e-01  1.45000000e+00  1.10253621e-02 
 1.46000000e+00  3.47988635e-01  1.46000000e+00  1.11201137e-02 
 1.47000000e+00  3.48509085e-01  1.47000000e+00  1.12149091e-02 
 1.48000000e+00  3.49025213e-01  1.48000000e+00  1.13097479e-02 
 1.49000000e+00  3.49537086e-01  1.49000000e+00  1.14046291e-02 
 1.50000000e+00  3.50044772e-01  1.50000000e+00  1.14995523e-02 
 1.51000000e+00  3.50548337e-01  1.51000000e+00  1.15945166e-02 
 1.52000000e+00  3.51047844e-01  1.52000000e+00  1.16895216e-02 
 1.53000000e+00  3.51543358e-01  1.53000000e+00  1.17845664e-02 
 1.54000000e+00  3.52034939e-01  1.54000000e+00  1.18796506e-02 
 1.55000000e+00  3.52522647e-01  1.55000000e+00  1.19747735e-02 
 1.56000000e+00  3.53006541e-01  1.56000000e+00  1.20699346e-02 
 1.57000000e+00  3.53486678e-01  1.57000000e+00  1.21651332e-02 
 1.58000000e+00  3.53963115e-01  1.58000000e+00  1.22603689e-02 
 1.59000000e+00  3.54435906e-01  1.59000000e+00  1.23556409e-02 
 1.60000000e+00  3.54905105e-01  1.60000000e+00  1.24509490e-02 
 1.61000000e+00  3.55370764e-01  1.61000000e+00  1.25462924e-02 
 1.62000000e+00  3.55832936e-01  1.62000000e+00  1.26416706e-02 
 1.63000000e+00  3.56291671e-01  1.63000000e+00  1.27370833e-02 
 1.64000000e+00  3.56747017e-01  1.64000000e+00  1.28325298e-02 
 1.65000000e+00  3.57199023e-01  1.65000000e+00  1.29280098e-02 
 1.66000000e+00  3.57647736e-01  1.66000000e+00  1.30235226e-02 
 1.67000000e+00  3.58093203e-01  1.67000000e+00  1.31190680e-02 
 1.68000000e+00  3.58535469e-01  1.68000000e+00  1.32146453e-02 
 1.69000000e+00  3.58974578e-01  1.69000000e+00  1.33102542e-02 
 1.70000000e+00  3.59410573e-01  1.70000000e+00  1.34058943e-02 
 1.71000000e+00  3.59843499e-01  1.71000000e+00  1.35015650e-02 
 1.72000000e+00  3.60273395e-01  1.72000000e+00  1.35972660e-02 
 1.73000000e+00  3.60700304e-01  1.73000000e+00  1.36929970e-02 
 1.74000000e+00  3.61124265e-01  1.74000000e+00  1.37887574e-02 
 1.75000000e+00  3.61545318e-01  1.75000000e+00  1.38845468e-02 
 1.76000000e+00  3.61963501e-01  1.76000000e+00  1.39803650e-02 
 1.77000000e+00  3.62378852e-01  1.77000000e+00  1.40762115e-02 
 1.78000000e+00  3.62791408e-01  1.78000000e+00  1.41720859e-02 
 1.79000000e+00  3.63201206e-01  1.79000000e+00  1.42679879e-02 
 1.80000000e+00  3.63608281e-01  1.80000000e+00  1.43639172e-02 
 1.81000000e+00  3.64012668e-01  1.81000000e+00  1.44598733e-02 
 1.82000000e+00  3.64414403e-01  1.82000000e+00  1.45558560e-02 
 1.83000000e+00  3.64813517e-01  1.83000000e+00  1.46518648e-02 
 1.84000000e+00  3.65210045e-01  1.84000000e+00  1.47478995e-02 
 1.85000000e+00  3.65604019e-01  1.85000000e+00  1.48439598e-02 
 1.86000000e+00  3.65995471e-01  1.86000000e+00  1.49400453e-02 
 1.87000000e+00  3.66384433e-01  1.87000000e+00  1.50361557e-02 
 1.88000000e+00  3.66770934e-01  1.88000000e+00  1.51322907e-02 
 1.89000000e+00  3.67155005e-01  1.89000000e+00  1.52284500e-02 
 1.90000000e+00  3.67536676e-01  1.90000000e+00  1.53246332e-02 
 1.91000000e+00  3.67915975e-01  1.91000000e+00  1.54208402e-02 
 1.92000000e+00  3.68292932e-01  1.92000000e+00  1.55170707e-02 
 1.93000000e+00  3.68667575e-01  1.93000000e+00  1.56133242e-02 
 1.94000000e+00  3.69039931e-01  1.94000000e+00  1.57096007e-02 
 1.95000000e+00  3.69410027e-01  1.95000000e+00  1.58058997e-02 
 1.96000000e+00  3.69777889e-01  1.96000000e+00  1.59022211e-02 
 1.97000000e+00  3.70143545e-01  1.97000000e+00  1.59985645e-02 
 1.98000000e+00  3.70507020e-01  1.98000000e+00  1.60949298e-02 
 1.99000000e+00  3.70868338e-01  1.99000000e+00  1.61913166e-02 
 2.00000000e+00  3.71227525e-01  2.00000000e+00  1.62877247e-02 
