-2.00000000e+00 -1.66605486e+00 -2.00000000e+00 -3.33945137e-03 
-1.99000000e+00 -1.65772153e+00 -1.99000000e+00 -3.32278472e-03 
-1.98000000e+00 -1.64938819e+00 -1.98000000e+00 -3.30611808e-03 
-1.97000000e+00 -1.64105486e+00 -1.97000000e+00 -3.28945144e-03 
-1.96000000e+00 -1.63272152e+00 -1.96000000e+00 -3.27278479e-03 
-1.95000000e+00 -1.62438819e+00 -1.95000000e+00 -3.25611815e-03 
-1.94000000e+00 -1.61605485e+00 -1.94000000e+00 -3.23945150e-03 
-1.93000000e+00 -1.60772151e+00 -1.93000000e+00 -3.22278486e-03 
-1.92000000e+00 -1.59938818e+00 -1.92000000e+00 -3.20611822e-03 
-1.91000000e+00 -1.59105484e+00 -1.91000000e+00 -3.18945157e-03 
-1.90000000e+00 -1.58272151e+00 -1.90000000e+00 -3.17278493e-03 
-1.89000000e+00 -1.57438817e+00 -1.89000000e+00 -3.15611828e-03 
-1.88000000e+00 -1.56605484e+00 -1.88000000e+00 -3.13945164e-03 
-1.87000000e+00 -1.55772150e+00 -1.87000000e+00 -3.12278499e-03 
-1.86000000e+00 -1.54938817e+00 -1.86000000e+00 -3.10611835e-03 
-1.85000000e+00 -1.54105483e+00 -1.85000000e+00 -3.08945170e-03 
-1.84000000e+00 -1.53272149e+00 -1.84000000e+00 -3.07278506e-03 
-1.83000000e+00 -1.52438816e+00 -1.83000000e+00 -3.05611841e-03 
-1.82000000e+00 -1.51605482e+00 -1.82000000e+00 -3.03945177e-03 
-1.81000000e+00 -1.50772149e+00 -1.81000000e+00 -3.02278512e-03 
-1.80000000e+00 -1.49938815e+00 -1.80000000e+00 -3.00611848e-03 
-1.79000000e+00 -1.49105482e+00 -1.79000000e+00 -2.98945183e-03 
-1.78000000e+00 -1.48272148e+00 -1.78000000e+00 -2.97278519e-03 
-1.77000000e+00 -1.47438815e+00 -1.77000000e+00 -2.95611854e-03 
-1.76000000e+00 -1.46605481e+00 -1.76000000e+00 -2.93945189e-03 
-1.75000000e+00 -1.45772148e+00 -1.75000000e+00 -2.92278525e-03 
-1.74000000e+00 -1.44938814e+00 -1.74000000e+00 -2.90611860e-03 
-1.73000000e+00 -1.44105480e+00 -1.73000000e+00 -2.88945196e-03 
-1.72000000e+00 -1.43272147e+00 -1.72000000e+00 -2.87278531e-03 
-1.71000000e+00 -1.42438813e+00 -1.71000000e+00 -2.85611866e-03 
-1.70000000e+00 -1.41605480e+00 -1.70000000e+00 -2.83945201e-03 
-1.69000000e+00 -1.40772146e+00 -1.69000000e+00 -2.82278537e-03 
-1.68000000e+00 -1.39938813e+00 -1.68000000e+00 -2.80611872e-03 
-1.67000000e+00 -1.39105479e+00 -1.67000000e+00 -2.78945207e-03 
-1.66000000e+00 -1.38272146e+00 -1.66000000e+00 -2.77278542e-03 
-1.65000000e+00 -1.37438812e+00 -1.65000000e+00 -2.75611877e-03 
-1.64000000e+00 -1.36605479e+00 -1.64000000e+00 -2.73945213e-03 
-1.63000000e+00 -1.35772145e+00 -1.63000000e+00 -2.72278548e-03 
-1.62000000e+00 -1.34938812e+00 -1.62000000e+00 -2.70611883e-03 
-1.61000000e+00 -1.34105478e+00 -1.61000000e+00 -2.68945218e-03 
-1.60000000e+00 -1.33272145e+00 -1.60000000e+00 -2.67278553e-03 
-1.59000000e+00 -1.32438811e+00 -1.59000000e+00 -2.65611888e-03 
-1.58000000e+00 -1.31605478e+00 -1.58000000e+00 -2.63945223e-03 
-1.57000000e+00 -1.30772144e+00 -1.57000000e+00 -2.62278558e-03 
-1.56000000e+00 -1.29938811e+00 -1.56000000e+00 -2.60611893e-03 
-1.55000000e+00 -1.29105477e+00 -1.55000000e+00 -2.58945228e-03 
-1.54000000e+00 -1.28272144e+00 -1.54000000e+00 -2.57278563e-03 
-1.53000000e+00 -1.27438810e+00 -1.53000000e+00 -2.55611898e-03 
-1.52000000e+00 -1.26605477e+00 -1.52000000e+00 -2.53945232e-03 
-1.51000000e+00 -1.25772143e+00 -1.51000000e+00 -2.52278567e-03 
-1.50000000e+00 -1.24938810e+00 -1.50000000e+00 -2.50611902e-03 
-1.49000000e+00 -1.24105476e+00 -1.49000000e+00 -2.48945237e-03 
-1.48000000e+00 -1.23272143e+00 -1.48000000e+00 -2.47278571e-03 
-1.47000000e+00 -1.22438809e+00 -1.47000000e+00 -2.45611906e-03 
-1.46000000e+00 -1.21605476e+00 -1.46000000e+00 -2.43945240e-03 
-1.45000000e+00 -1.20772143e+00 -1.45000000e+00 -2.42278575e-03 
-1.44000000e+00 -1.19938809e+00 -1.44000000e+00 -2.40611909e-03 
-1.43000000e+00 -1.19105476e+00 -1.43000000e+00 -2.38945244e-03 
-1.42000000e+00 -1.18272142e+00 -1.42000000e+00 -2.37278578e-03 
-1.41000000e+00 -1.17438809e+00 -1.41000000e+00 -2.35611913e-03 
-1.40000000e+00 -1.16605475e+00 -1.40000000e+00 -2.33945247e-03 
-1.39000000e+00 -1.15772142e+00 -1.39000000e+00 -2.32278581e-03 
-1.38000000e+00 -1.14938808e+00 -1.38000000e+00 -2.30611915e-03 
-1.37000000e+00 -1.14105475e+00 -1.37000000e+00 -2.28945249e-03 
-1.36000000e+00 -1.13272142e+00 -1.36000000e+00 -2.27278584e-03 
-1.35000000e+00 -1.12438808e+00 -1.35000000e+00 -2.25611918e-03 
-1.34000000e+00 -1.11605475e+00 -1.34000000e+00 -2.23945252e-03 
-1.33000000e+00 -1.10772141e+00 -1.33000000e+00 -2.22278585e-03 
-1.32000000e+00 -1.09938808e+00 -1.32000000e+00 -2.20611919e-03 
-1.31000000e+00 -1.09105475e+00 -1.31000000e+00 -2.18945253e-03 
-1.30000000e+00 -1.08272141e+00 -1.30000000e+00 -2.17278587e-03 
-1.29000000e+00 -1.07438808e+00 -1.29000000e+00 -2.15611920e-03 
-1.28000000e+00 -1.06605475e+00 -1.28000000e+00 -2.13945254e-03 
-1.27000000e+00 -1.05772141e+00 -1.27000000e+00 -2.12278587e-03 
-1.26000000e+00 -1.04938808e+00 -1.26000000e+00 -2.10611921e-03 
-1.25000000e+00 -1.04105475e+00 -1.25000000e+00 -2.08945254e-03 
-1.24000000e+00 -1.03272141e+00 -1.24000000e+00 -2.07278587e-03 
-1.23000000e+00 -1.02438808e+00 -1.23000000e+00 -2.05611920e-03 
-1.22000000e+00 -1.01605475e+00 -1.22000000e+00 -2.03945253e-03 
-1.21000000e+00 -1.00772141e+00 -1.21000000e+00 -2.02278586e-03 
-1.20000000e+00 -9.99388081e-01 -1.20000000e+00 -2.00611919e-03 
-1.19000000e+00 -9.91054749e-01 -1.19000000e+00 -1.98945251e-03 
-1.18000000e+00 -9.82721416e-01 -1.18000000e+00 -1.97278584e-03 
-1.17000000e+00 -9.74388084e-01 -1.17000000e+00 -1.95611916e-03 
-1.16000000e+00 -9.66054751e-01 -1.16000000e+00 -1.93945249e-03 
-1.15000000e+00 -9.57721419e-01 -1.15000000e+00 -1.92278581e-03 
-1.14000000e+00 -9.49388087e-01 -1.14000000e+00 -1.90611913e-03 
-1.13000000e+00 -9.41054755e-01 -1.13000000e+00 -1.88945245e-03 
-1.12000000e+00 -9.32721424e-01 -1.12000000e+00 -1.87278576e-03 
-1.11000000e+00 -9.24388092e-01 -1.11000000e+00 -1.85611908e-03 
-1.10000000e+00 -9.16054761e-01 -1.10000000e+00 -1.83945239e-03 
-1.09000000e+00 -9.07721430e-01 -1.09000000e+00 -1.82278570e-03 
-1.08000000e+00 -8.99388099e-01 -1.08000000e+00 -1.80611901e-03 
-1.07000000e+00 -8.91054768e-01 -1.07000000e+00 -1.78945232e-03 
-1.06000000e+00 -8.82721437e-01 -1.06000000e+00 -1.77278563e-03 
-1.05000000e+00 -8.74388107e-01 -1.05000000e+00 -1.75611893e-03 
-1.04000000e+00 -8.66054776e-01 -1.04000000e+00 -1.73945224e-03 
-1.03000000e+00 -8.57721447e-01 -1.03000000e+00 -1.72278553e-03 
-1.02000000e+00 -8.49388117e-01 -1.02000000e+00 -1.70611883e-03 
-1.01000000e+00 -8.41054787e-01 -1.01000000e+00 -1.68945213e-03 
-1.00000000e+00 -8.32721458e-01 -1.00000000e+00 -1.67278542e-03 
-9.90000000e-01 -8.24388129e-01 -9.90000000e-01 -1.65611871e-03 
-9.80000000e-01 -8.16054801e-01 -9.80000000e-01 -1.63945199e-03 
-9.70000000e-01 -8.07721472e-01 -9.70000000e-01 -1.62278528e-03 
-9.60000000e-01 -7.99388144e-01 -9.60000000e-01 -1.60611856e-03 
-9.50000000e-01 -7.91054817e-01 -9.50000000e-01 -1.58945183e-03 
-9.40000000e-01 -7.82721489e-01 -9.40000000e-01 -1.57278511e-03 
-9.30000000e-01 -7.74388163e-01 -9.30000000e-01 -1.55611837e-03 
-9.20000000e-01 -7.66054836e-01 -9.20000000e-01 -1.53945164e-03 
-9.10000000e-01 -7.57721510e-01 -9.10000000e-01 -1.52278490e-03 
-9.00000000e-01 -7.49388184e-01 -9.00000000e-01 -1.50611816e-03 
-8.90000000e-01 -7.41054859e-01 -8.90000000e-01 -1.48945141e-03 
-8.80000000e-01 -7.32721535e-01 -8.80000000e-01 -1.47278465e-03 
-8.70000000e-01 -7.24388211e-01 -8.70000000e-01 -1.45611789e-03 
-8.60000000e-01 -7.16054887e-01 -8.60000000e-01 -1.43945113e-03 
-8.50000000e-01 -7.07721564e-01 -8.50000000e-01 -1.42278436e-03 
-8.40000000e-01 -6.99388242e-01 -8.40000000e-01 -1.40611758e-03 
-8.30000000e-01 -6.91054920e-01 -8.30000000e-01 -1.38945080e-03 
-8.20000000e-01 -6.82721600e-01 -8.20000000e-01 -1.37278400e-03 
-8.10000000e-01 -6.74388279e-01 -8.10000000e-01 -1.35611721e-03 
-8.00000000e-01 -6.66054960e-01 -8.00000000e-01 -1.33945040e-03 
-7.90000000e-01 -6.57721642e-01 -7.90000000e-01 -1.32278358e-03 
-7.80000000e-01 -6.49388324e-01 -7.80000000e-01 -1.30611676e-03 
-7.70000000e-01 -6.41055008e-01 -7.70000000e-01 -1.28944992e-03 
-7.60000000e-01 -6.32721692e-01 -7.60000000e-01 -1.27278308e-03 
-7.50000000e-01 -6.24388378e-01 -7.50000000e-01 -1.25611622e-03 
-7.40000000e-01 -6.16055065e-01 -7.40000000e-01 -1.23944935e-03 
-7.30000000e-01 -6.07721753e-01 -7.30000000e-01 -1.22278247e-03 
-7.20000000e-01 -5.99388442e-01 -7.20000000e-01 -1.20611558e-03 
-7.10000000e-01 -5.91055133e-01 -7.10000000e-01 -1.18944867e-03 
-7.00000000e-01 -5.82721826e-01 -7.00000000e-01 -1.17278174e-03 
-6.90000000e-01 -5.74388520e-01 -6.90000000e-01 -1.15611480e-03 
-6.80000000e-01 -5.66055216e-01 -6.80000000e-01 -1.13944784e-03 
-6.70000000e-01 -5.57721914e-01 -6.70000000e-01 -1.12278086e-03 
-6.60000000e-01 -5.49388614e-01 -6.60000000e-01 -1.10611386e-03 
-6.50000000e-01 -5.41055316e-01 -6.50000000e-01 -1.08944684e-03 
-6.40000000e-01 -5.32722021e-01 -6.40000000e-01 -1.07277979e-03 
-6.30000000e-01 -5.24388728e-01 -6.30000000e-01 -1.05611272e-03 
-6.20000000e-01 -5.16055438e-01 -6.20000000e-01 -1.03944562e-03 
-6.10000000e-01 -5.07722152e-01 -6.10000000e-01 -1.02277848e-03 
-6.00000000e-01 -4.99388868e-01 -6.00000000e-01 -1.00611132e-03 
-5.90000000e-01 -4.91055589e-01 -5.90000000e-01 -9.89444113e-04 
-5.80000000e-01 -4.82722313e-01 -5.80000000e-01 -9.72776870e-04 
-5.70000000e-01 -4.74389042e-01 -5.70000000e-01 -9.56109584e-04 
-5.60000000e-01 -4.66055775e-01 -5.60000000e-01 -9.39442251e-04 
-5.50000000e-01 -4.57722513e-01 -5.50000000e-01 -9.22774867e-04 
-5.40000000e-01 -4.49389257e-01 -5.40000000e-01 -9.06107426e-04 
-5.30000000e-01 -4.41056008e-01 -5.30000000e-01 -8.89439923e-04 
-5.20000000e-01 -4.32722765e-01 -5.20000000e-01 -8.72772353e-04 
-5.10000000e-01 -4.24389529e-01 -5.10000000e-01 -8.56104708e-04 
-5.00000000e-01 -4.16056302e-01 -5.00000000e-01 -8.39436980e-04 
-4.90000000e-01 -4.07723084e-01 -4.90000000e-01 -8.22769162e-04 
-4.80000000e-01 -3.99389876e-01 -4.80000000e-01 -8.06101244e-04 
-4.70000000e-01 -3.91056679e-01 -4.70000000e-01 -7.89433214e-04 
-4.60000000e-01 -3.82723494e-01 -4.60000000e-01 -7.72765060e-04 
-4.50000000e-01 -3.74390323e-01 -4.50000000e-01 -7.56096769e-04 
-4.40000000e-01 -3.66057168e-01 -4.40000000e-01 -7.39428323e-04 
-4.30000000e-01 -3.57724029e-01 -4.30000000e-01 -7.22759705e-04 
-4.20000000e-01 -3.49390911e-01 -4.20000000e-01 -7.06090894e-04 
-4.10000000e-01 -3.41057813e-01 -4.10000000e-01 -6.89421865e-04 
-4.00000000e-01 -3.32724741e-01 -4.00000000e-01 -6.72752591e-04 
-3.90000000e-01 -3.24391696e-01 -3.90000000e-01 -6.56083040e-04 
-3.80000000e-01 -3.16058683e-01 -3.80000000e-01 -6.39413173e-04 
-3.70000000e-01 -3.07725705e-01 -3.70000000e-01 -6.22742946e-04 
-3.60000000e-01 -2.99392769e-01 -3.60000000e-01 -6.06072309e-04 
-3.50000000e-01 -2.91059880e-01 -3.50000000e-01 -5.89401202e-04 
-3.40000000e-01 -2.82727045e-01 -3.40000000e-01 -5.72729551e-04 
-3.30000000e-01 -2.74394273e-01 -3.30000000e-01 -5.56057274e-04 
-3.20000000e-01 -2.66061573e-01 -3.20000000e-01 -5.39384268e-04 
-3.10000000e-01 -2.57728959e-01 -3.10000000e-01 -5.22710412e-04 
-3.00000000e-01 -2.49396444e-01 -3.00000000e-01 -5.06035559e-04 
-2.90000000e-01 -2.41064047e-01 -2.90000000e-01 -4.89359531e-04 
-2.80000000e-01 -2.32731789e-01 -2.80000000e-01 -4.72682110e-04 
-2.70000000e-01 -2.24399697e-01 -2.70000000e-01 -4.56003028e-04 
-2.60000000e-01 -2.16067805e-01 -2.60000000e-01 -4.39321953e-04 
-2.50000000e-01 -2.07736153e-01 -2.50000000e-01 -4.22638468e-04 
-2.40000000e-01 -1.99404795e-01 -2.40000000e-01 -4.05952051e-04 
-2.30000000e-01 -1.91073797e-01 -2.30000000e-01 -3.89262033e-04 
-2.20000000e-01 -1.82743244e-01 -2.20000000e-01 -3.72567558e-04 
-2.10000000e-01 -1.74413249e-01 -2.10000000e-01 -3.55867511e-04 
-2.00000000e-01 -1.66083957e-01 -2.00000000e-01 -3.39160426e-04 
-1.90000000e-01 -1.57755476e-01 -1.90000000e-01 -3.22445243e-04 
-1.80000000e-01 -1.49427794e-01 -1.80000000e-01 -3.05722056e-04 
-1.70000000e-01 -1.41101040e-01 -1.70000000e-01 -2.88989601e-04 
-1.60000000e-01 -1.32775364e-01 -1.60000000e-01 -2.72246364e-04 
-1.50000000e-01 -1.24450942e-01 -1.50000000e-01 -2.55490582e-04 
-1.40000000e-01 -1.16127980e-01 -1.40000000e-01 -2.38720204e-04 
-1.30000000e-01 -1.07806715e-01 -1.30000000e-01 -2.21932848e-04 
-1.20000000e-01 -9.94874254e-02 -1.20000000e-01 -2.05125746e-04 
-1.10000000e-01 -9.11704321e-02 -1.10000000e-01 -1.88295679e-04 
-1.00000000e-01 -8.28561091e-02 -1.00000000e-01 -1.71438909e-04 
-9.00000000e-02 -7.45448901e-02 -9.00000000e-02 -1.54551099e-04 
-8.00000000e-02 -6.62372790e-02 -8.00000000e-02 -1.37627210e-04 
-7.00000000e-02 -5.79338599e-02 -7.00000000e-02 -1.20661401e-04 
-6.00000000e-02 -4.96353103e-02 -6.00000000e-02 -1.03646897e-04 
-5.00000000e-02 -4.13424150e-02 -5.00000000e-02 -8.65758503e-05 
-4.00000000e-02 -3.30560826e-02 -4.00000000e-02 -6.94391739e-05 
-3.00000000e-02 -2.47773642e-02 -3.00000000e-02 -5.22263577e-05 
-2.00000000e-02 -1.65074743e-02 -2.00000000e-02 -3.49252570e-05 
-1.00000000e-02 -8.24781443e-03 -1.00000000e-02 -1.75218557e-05 
 1.64104841e-15  1.41357215e-11  1.64104841e-15 -1.41340805e-13 
 1.00000000e-02  8.23411034e-03  1.00000000e-02  1.76588966e-05 
 2.00000000e-02  1.64523818e-02  2.00000000e-02  3.54761816e-05 
 3.00000000e-02  2.46523681e-02  3.00000000e-02  5.34763187e-05 
 4.00000000e-02  3.28312726e-02  4.00000000e-02  7.16872739e-05 
 5.00000000e-02  4.09859075e-02  5.00000000e-02  9.01409253e-05 
 6.00000000e-02  4.91126510e-02  6.00000000e-02  1.08873490e-04 
 7.00000000e-02  5.72074043e-02  7.00000000e-02  1.27925957e-04 
 8.00000000e-02  6.52655484e-02  8.00000000e-02  1.47344516e-04 
 9.00000000e-02  7.32819042e-02  9.00000000e-02  1.67180958e-04 
 1.00000000e-01  8.12506980e-02  1.00000000e-01  1.87493020e-04 
 1.10000000e-01  8.91655350e-02  1.10000000e-01  2.08344650e-04 
 1.20000000e-01  9.70193842e-02  1.20000000e-01  2.29806158e-04 
 1.30000000e-01  1.04804581e-01  1.30000000e-01  2.51954192e-04 
 1.40000000e-01  1.12512847e-01  1.40000000e-01  2.74871526e-04 
 1.50000000e-01  1.20135340e-01  1.50000000e-01  2.98646596e-04 
 1.60000000e-01  1.27662725e-01  1.60000000e-01  3.23372746e-04 
 1.70000000e-01  1.35085282e-01  1.70000000e-01  3.49147183e-04 
 1.80000000e-01  1.42393039e-01  1.80000000e-01  3.76069606e-04 
 1.90000000e-01  1.49575946e-01  1.90000000e-01  4.04240539e-04 
 2.00000000e-01  1.56624059e-01  2.00000000e-01  4.33759415e-04 
 2.10000000e-01  1.63527753e-01  2.10000000e-01  4.64722473e-04 
 2.20000000e-01  1.70277942e-01  2.20000000e-01  4.97220582e-04 
 2.30000000e-01  1.76866291e-01  2.30000000e-01  5.31337095e-04 
 2.40000000e-01  1.83285413e-01  2.40000000e-01  5.67145875e-04 
 2.50000000e-01  1.89529040e-01  2.50000000e-01  6.04709603e-04 
 2.60000000e-01  1.95592152e-01  2.60000000e-01  6.44078478e-04 
 2.70000000e-01  2.01471063e-01  2.70000000e-01  6.85289375e-04 
 2.80000000e-01  2.07163451e-01  2.80000000e-01  7.28365493e-04 
 2.90000000e-01  2.12668351e-01  2.90000000e-01  7.73316489e-04 
 3.00000000e-01  2.17986095e-01  3.00000000e-01  8.20139051e-04 
 3.10000000e-01  2.23118216e-01  3.10000000e-01  8.68817836e-04 
 3.20000000e-01  2.28067331e-01  3.20000000e-01  9.19326688e-04 
 3.30000000e-01  2.32836996e-01  3.30000000e-01  9.71630042e-04 
 3.40000000e-01  2.37431559e-01  3.40000000e-01  1.02568441e-03 
 3.50000000e-01  2.41856010e-01  3.50000000e-01  1.08143990e-03 
 3.60000000e-01  2.46115835e-01  3.60000000e-01  1.13884165e-03 
 3.70000000e-01  2.50216882e-01  3.70000000e-01  1.19783118e-03 
 3.80000000e-01  2.54165240e-01  3.80000000e-01  1.25834760e-03 
 3.90000000e-01  2.57967129e-01  3.90000000e-01  1.32032871e-03 
 4.00000000e-01  2.61628817e-01  4.00000000e-01  1.38371183e-03 
 4.10000000e-01  2.65156537e-01  4.10000000e-01  1.44843463e-03 
 4.20000000e-01  2.68556429e-01  4.20000000e-01  1.51443571e-03 
 4.30000000e-01  2.71834495e-01  4.30000000e-01  1.58165505e-03 
 4.40000000e-01  2.74996558e-01  4.40000000e-01  1.65003442e-03 
 4.50000000e-01  2.78048239e-01  4.50000000e-01  1.71951761e-03 
 4.60000000e-01  2.80994937e-01  4.60000000e-01  1.79005063e-03 
 4.70000000e-01  2.83841816e-01  4.70000000e-01  1.86158184e-03 
 4.80000000e-01  2.86593802e-01  4.80000000e-01  1.93406198e-03 
 4.90000000e-01  2.89255582e-01  4.90000000e-01  2.00744418e-03 
 5.00000000e-01  2.91831604e-01  5.00000000e-01  2.08168396e-03 
 5.10000000e-01  2.94326080e-01  5.10000000e-01  2.15673920e-03 
 5.20000000e-01  2.96742998e-01  5.20000000e-01  2.23257002e-03 
 5.30000000e-01  2.99086125e-01  5.30000000e-01  2.30913875e-03 
 5.40000000e-01  3.01359020e-01  5.40000000e-01  2.38640980e-03 
 5.50000000e-01  3.03565040e-01  5.50000000e-01  2.46434960e-03 
 5.60000000e-01  3.05707351e-01  5.60000000e-01  2.54292649e-03 
 5.70000000e-01  3.07788940e-01  5.70000000e-01  2.62211060e-03 
 5.80000000e-01  3.09812622e-01  5.80000000e-01  2.70187378e-03 
 5.90000000e-01  3.11781053e-01  5.90000000e-01  2.78218947e-03 
 6.00000000e-01  3.13696734e-01  6.00000000e-01  2.86303266e-03 
 6.10000000e-01  3.15562027e-01  6.10000000e-01  2.94437973e-03 
 6.20000000e-01  3.17379159e-01  6.20000000e-01  3.02620841e-03 
 6.30000000e-01  3.19150230e-01  6.30000000e-01  3.10849770e-03 
 6.40000000e-01  3.20877223e-01  6.40000000e-01  3.19122777e-03 
 6.50000000e-01  3.22562012e-01  6.50000000e-01  3.27437988e-03 
 6.60000000e-01  3.24206364e-01  6.60000000e-01  3.35793636e-03 
 6.70000000e-01  3.25811953e-01  6.70000000e-01  3.44188047e-03 
 6.80000000e-01  3.27380359e-01  6.80000000e-01  3.52619641e-03 
 6.90000000e-01  3.28913079e-01  6.90000000e-01  3.61086921e-03 
 7.00000000e-01  3.30411527e-01  7.00000000e-01  3.69588473e-03 
 7.10000000e-01  3.31877045e-01  7.10000000e-01  3.78122955e-03 
 7.20000000e-01  3.33310905e-01  7.20000000e-01  3.86689095e-03 
 7.30000000e-01  3.34714311e-01  7.30000000e-01  3.95285689e-03 
 7.40000000e-01  3.36088405e-01  7.40000000e-01  4.03911595e-03 
 7.50000000e-01  3.37434275e-01  7.50000000e-01  4.12565725e-03 
 7.60000000e-01  3.38752950e-01  7.60000000e-01  4.21247050e-03 
 7.70000000e-01  3.40045409e-01  7.70000000e-01  4.29954591e-03 
 7.80000000e-01  3.41312585e-01  7.80000000e-01  4.38687415e-03 
 7.90000000e-01  3.42555363e-01  7.90000000e-01  4.47444637e-03 
 8.00000000e-01  3.43774588e-01  8.00000000e-01  4.56225412e-03 
 8.10000000e-01  3.44971063e-01  8.10000000e-01  4.65028937e-03 
 8.20000000e-01  3.46145554e-01  8.20000000e-01  4.73854446e-03 
 8.30000000e-01  3.47298790e-01  8.30000000e-01  4.82701210e-03 
 8.40000000e-01  3.48431470e-01  8.40000000e-01  4.91568530e-03 
 8.50000000e-01  3.49544259e-01  8.50000000e-01  5.00455741e-03 
 8.60000000e-01  3.50637790e-01  8.60000000e-01  5.09362210e-03 
 8.70000000e-01  3.51712673e-01  8.70000000e-01  5.18287327e-03 
 8.80000000e-01  3.52769487e-01  8.80000000e-01  5.27230513e-03 
 8.90000000e-01  3.53808788e-01  8.90000000e-01  5.36191212e-03 
 9.00000000e-01  3.54831106e-01  9.00000000e-01  5.45168894e-03 
 9.10000000e-01  3.55836953e-01  9.10000000e-01  5.54163047e-03 
 9.20000000e-01  3.56826813e-01  9.20000000e-01  5.63173187e-03 
 9.30000000e-01  3.57801157e-01  9.30000000e-01  5.72198843e-03 
 9.40000000e-01  3.58760430e-01  9.40000000e-01  5.81239570e-03 
 9.50000000e-01  3.59705064e-01  9.50000000e-01  5.90294936e-03 
 9.60000000e-01  3.60635471e-01  9.60000000e-01  5.99364529e-03 
 9.70000000e-01  3.61552048e-01  9.70000000e-01  6.08447952e-03 
 9.80000000e-01  3.62455176e-01  9.80000000e-01  6.17544824e-03 
 9.90000000e-01  3.63345219e-01  9.90000000e-01  6.26654781e-03 
 1.00000000e+00  3.64222531e-01  1.00000000e+00  6.35777469e-03 
 1.01000000e+00  3.65087450e-01  1.01000000e+00  6.44912550e-03 
 1.02000000e+00  3.65940301e-01  1.02000000e+00  6.54059699e-03 
 1.03000000e+00  3.66781398e-01  1.03000000e+00  6.63218602e-03 
 1.04000000e+00  3.67611044e-01  1.04000000e+00  6.72388956e-03 
 1.05000000e+00  3.68429529e-01  1.05000000e+00  6.81570471e-03 
 1.06000000e+00  3.69237134e-01  1.06000000e+00  6.90762866e-03 
 1.07000000e+00  3.70034130e-01  1.07000000e+00  6.99965870e-03 
 1.08000000e+00  3.70820777e-01  1.08000000e+00  7.09179223e-03 
 1.09000000e+00  3.71597327e-01  1.09000000e+00  7.18402673e-03 
 1.10000000e+00  3.72364023e-01  1.10000000e+00  7.27635977e-03 
 1.11000000e+00  3.73121100e-01  1.11000000e+00  7.36878900e-03 
 1.12000000e+00  3.73868785e-01  1.12000000e+00  7.46131215e-03 
 1.13000000e+00  3.74607297e-01  1.13000000e+00  7.55392703e-03 
 1.14000000e+00  3.75336847e-01  1.14000000e+00  7.64663153e-03 
 1.15000000e+00  3.76057641e-01  1.15000000e+00  7.73942359e-03 
 1.16000000e+00  3.76769876e-01  1.16000000e+00  7.83230124e-03 
 1.17000000e+00  3.77473745e-01  1.17000000e+00  7.92526255e-03 
 1.18000000e+00  3.78169431e-01  1.18000000e+00  8.01830569e-03 
 1.19000000e+00  3.78857117e-01  1.19000000e+00  8.11142883e-03 
 1.20000000e+00  3.79536974e-01  1.20000000e+00  8.20463026e-03 
 1.21000000e+00  3.80209172e-01  1.21000000e+00  8.29790828e-03 
 1.22000000e+00  3.80873875e-01  1.22000000e+00  8.39126125e-03 
 1.23000000e+00  3.81531239e-01  1.23000000e+00  8.48468761e-03 
 1.24000000e+00  3.82181420e-01  1.24000000e+00  8.57818580e-03 
 1.25000000e+00  3.82824565e-01  1.25000000e+00  8.67175435e-03 
 1.26000000e+00  3.83460820e-01  1.26000000e+00  8.76539180e-03 
 1.27000000e+00  3.84090324e-01  1.27000000e+00  8.85909676e-03 
 1.28000000e+00  3.84713213e-01  1.28000000e+00  8.95286787e-03 
 1.29000000e+00  3.85329620e-01  1.29000000e+00  9.04670380e-03 
 1.30000000e+00  3.85939673e-01  1.30000000e+00  9.14060327e-03 
 1.31000000e+00  3.86543497e-01  1.31000000e+00  9.23456503e-03 
 1.32000000e+00  3.87141212e-01  1.32000000e+00  9.32858788e-03 
 1.33000000e+00  3.87732936e-01  1.33000000e+00  9.42267064e-03 
 1.34000000e+00  3.88318784e-01  1.34000000e+00  9.51681216e-03 
 1.35000000e+00  3.88898867e-01  1.35000000e+00  9.61101133e-03 
 1.36000000e+00  3.89473294e-01  1.36000000e+00  9.70526706e-03 
 1.37000000e+00  3.90042168e-01  1.37000000e+00  9.79957832e-03 
 1.38000000e+00  3.90605594e-01  1.38000000e+00  9.89394406e-03 
 1.39000000e+00  3.91163671e-01  1.39000000e+00  9.98836329e-03 
 1.40000000e+00  3.91716495e-01  1.40000000e+00  1.00828350e-02 
 1.41000000e+00  3.92264162e-01  1.41000000e+00  1.01773584e-02 
 1.42000000e+00  3.92806763e-01  1.42000000e+00  1.02719324e-02 
 1.43000000e+00  3.93344387e-01  1.43000000e+00  1.03665561e-02 
 1.44000000e+00  3.93877124e-01  1.44000000e+00  1.04612288e-02 
 1.45000000e+00  3.94405056e-01  1.45000000e+00  1.05559494e-02 
 1.46000000e+00  3.94928269e-01  1.46000000e+00  1.06507173e-02 
 1.47000000e+00  3.95446841e-01  1.47000000e+00  1.07455316e-02 
 1.48000000e+00  3.95960853e-01  1.48000000e+00  1.08403915e-02 
 1.49000000e+00  3.96470381e-01  1.49000000e+00  1.09352962e-02 
 1.50000000e+00  3.96975501e-01  1.50000000e+00  1.10302450e-02 
 1.51000000e+00  3.97476285e-01  1.51000000e+00  1.11252372e-02 
 1.52000000e+00  3.97972805e-01  1.52000000e+00  1.12202720e-02 
 1.53000000e+00  3.98465131e-01  1.53000000e+00  1.13153487e-02 
 1.54000000e+00  3.98953330e-01  1.54000000e+00  1.14104667e-02 
 1.55000000e+00  3.99437470e-01  1.55000000e+00  1.15056253e-02 
 1.56000000e+00  3.99917615e-01  1.56000000e+00  1.16008238e-02 
 1.57000000e+00  4.00393829e-01  1.57000000e+00  1.16960617e-02 
 1.58000000e+00  4.00866173e-01  1.58000000e+00  1.17913383e-02 
 1.59000000e+00  4.01334709e-01  1.59000000e+00  1.18866529e-02 
 1.60000000e+00  4.01799495e-01  1.60000000e+00  1.19820051e-02 
 1.61000000e+00  4.02260589e-01  1.61000000e+00  1.20773941e-02 
 1.62000000e+00  4.02718047e-01  1.62000000e+00  1.21728195e-02 
 1.63000000e+00  4.03171926e-01  1.63000000e+00  1.22682807e-02 
 1.64000000e+00  4.03622278e-01  1.64000000e+00  1.23637772e-02 
 1.65000000e+00  4.04069157e-01  1.65000000e+00  1.24593084e-02 
 1.66000000e+00  4.04512614e-01  1.66000000e+00  1.25548739e-02 
 1.67000000e+00  4.04952700e-01  1.67000000e+00  1.26504730e-02 
 1.68000000e+00  4.05389465e-01  1.68000000e+00  1.27461054e-02 
 1.69000000e+00  4.05822956e-01  1.69000000e+00  1.28417704e-02 
 1.70000000e+00  4.06253221e-01  1.70000000e+00  1.29374678e-02 
 1.71000000e+00  4.06680307e-01  1.71000000e+00  1.30331969e-02 
 1.72000000e+00  4.07104259e-01  1.72000000e+00  1.31289574e-02 
 1.73000000e+00  4.07525122e-01  1.73000000e+00  1.32247488e-02 
 1.74000000e+00  4.07942938e-01  1.74000000e+00  1.33205706e-02 
 1.75000000e+00  4.08357751e-01  1.75000000e+00  1.34164225e-02 
 1.76000000e+00  4.08769602e-01  1.76000000e+00  1.35123040e-02 
 1.77000000e+00  4.09178532e-01  1.77000000e+00  1.36082147e-02 
 1.78000000e+00  4.09584582e-01  1.78000000e+00  1.37041542e-02 
 1.79000000e+00  4.09987790e-01  1.79000000e+00  1.38001221e-02 
 1.80000000e+00  4.10388196e-01  1.80000000e+00  1.38961180e-02 
 1.81000000e+00  4.10785836e-01  1.81000000e+00  1.39921416e-02 
 1.82000000e+00  4.11180748e-01  1.82000000e+00  1.40881925e-02 
 1.83000000e+00  4.11572968e-01  1.83000000e+00  1.41842703e-02 
 1.84000000e+00  4.11962532e-01  1.84000000e+00  1.42803747e-02 
 1.85000000e+00  4.12349474e-01  1.85000000e+00  1.43765053e-02 
 1.86000000e+00  4.12733829e-01  1.86000000e+00  1.44726617e-02 
 1.87000000e+00  4.13115630e-01  1.87000000e+00  1.45688437e-02 
 1.88000000e+00  4.13494910e-01  1.88000000e+00  1.46650509e-02 
 1.89000000e+00  4.13871702e-01  1.89000000e+00  1.47612830e-02 
 1.90000000e+00  4.14246037e-01  1.90000000e+00  1.48575396e-02 
 1.91000000e+00  4.14617946e-01  1.91000000e+00  1.49538205e-02 
 1.92000000e+00  4.14987460e-01  1.92000000e+00  1.50501254e-02 
 1.93000000e+00  4.15354609e-01  1.93000000e+00  1.51464539e-02 
 1.94000000e+00  4.15719421e-01  1.94000000e+00  1.52428058e-02 
 1.95000000e+00  4.16081927e-01  1.95000000e+00  1.53391807e-02 
 1.96000000e+00  4.16442154e-01  1.96000000e+00  1.54355785e-02 
 1.97000000e+00  4.16800130e-01  1.97000000e+00  1.55319987e-02 
 1.98000000e+00  4.17155883e-01  1.98000000e+00  1.56284412e-02 
 1.99000000e+00  4.17509438e-01  1.99000000e+00  1.57249056e-02 
 2.00000000e+00  4.17860824e-01  2.00000000e+00  1.58213918e-02 
